<?xml version="1.0" encoding="utf-8"?>
<COLLADA xmlns="http://www.collada.org/2005/11/COLLADASchema" version="1.4.1">
  <asset>
    <contributor>
      <author>Mixamo</author>
      <authoring_tool>COLLADA Mixamo exporter</authoring_tool>
      <comments/>
    </contributor>
    <created>2023-05-22T10:43:33Z</created>
    <modified>2023-05-22T10:43:33Z</modified>
    <revision/>
    <title/>
    <unit meter="0.010000"/>
    <up_axis>Y_UP</up_axis>
  </asset>
  <library_images>
    <image id="lv1.vox-image" name="lv1.vox">
      <init_from>textures/lv1.vox.png</init_from>
    </image>
  </library_images>
  <library_materials>
    <material id="palettemat" name="palettemat">
      <instance_effect url="#palettemat-fx"/>
    </material>
  </library_materials>
  <library_effects>
    <effect id="palettemat-fx" name="palettemat">
      <profile_COMMON>
        <newparam sid="lv1.vox-surface">
          <surface type="2D">
            <init_from>lv1.vox-image</init_from>
          </surface>
        </newparam>
        <newparam sid="lv1.vox-sampler">
          <sampler2D>
            <source>lv1.vox-surface</source>
            <minfilter>LINEAR</minfilter>
            <magfilter>LINEAR</magfilter>
          </sampler2D>
        </newparam>
        <technique sid="standard">
          <phong>
            <emission>
              <color sid="emission">0.000000  0.000000 0.000000 1.000000</color>
            </emission>
            <ambient>
              <color sid="ambient">0.000000  0.000000 0.000000 1.000000</color>
            </ambient>
            <diffuse>
              <texture texture="lv1.vox-sampler" texcoord="CHANNEL0">
                <extra>
                  <technique profile="MAYA">
                    <wrapU sid="wrapU0">TRUE</wrapU>
                    <wrapV sid="wrapV0">TRUE</wrapV>
                    <blend_mode>ADD</blend_mode>
                  </technique>
                </extra>
                <extra type="texture_offset">
                  <technique profile="ADOBE">
                    <offsets>
                      <offsetu>0.000000</offsetu>
                      <offsetu>0.000000</offsetu>
                      <offsetv>0.000000</offsetv>
                      <scaleu>1.000000</scaleu>
                      <scalev>1.000000</scalev>
                      <angle>0.000000</angle>
                    </offsets>
                  </technique>
                </extra>
              </texture>
            </diffuse>
            <specular>
              <color sid="specular">0.000000  0.000000 0.000000 1.000000</color>
            </specular>
            <shininess>
              <float sid="shininess">20.000000</float>
            </shininess>
            <reflective>
              <color sid="reflective">0.000000  0.000000 0.000000 1.000000</color>
            </reflective>
            <reflectivity>
              <float sid="reflectivity">1.000000</float>
            </reflectivity>
            <transparent opaque="RGB_ZERO">
              <color>0.000000 0.000000 0.000000 1.0</color>
            </transparent>
            <transparency>
              <float sid="transparency">0.000000</float>
            </transparency>
          </phong>
        </technique>
      </profile_COMMON>
    </effect>
  </library_effects>
  <library_geometries>
    <geometry id="unamed-lib" name="unamedMesh">
      <mesh>
        <source id="unamed-lib-Position" name="position">
          <float_array id="unamed-lib-Position-array" count="504"> -2.000000 2.500000 0.300000 -2.000000 2.500000 -0.100000 -2.000000 2.800000 0.300000 -2.000000 2.800000 -0.100000 -0.800000 0.000000 0.300000 -0.800000 0.000000 -0.100000 -0.800000 1.200000 0.600000 -0.800000 1.200000 0.300000 -0.800000 1.200000 -0.100000 -0.800000 1.200000 -0.400000 -0.800000 2.500000 0.300000 -0.800000 2.500000 -0.100000 -0.800000 2.800000 0.600000 -0.800000 2.800000 0.300000 -0.800000 2.800000 -0.100000 -0.800000 2.800000 -0.400000 -0.700000 3.300000 0.600000 -0.700000 3.300000 -0.300000 -0.700000 4.500000 0.600000 -0.700000 4.500000 -0.300000 -0.100000 2.800000 0.300000 -0.100000 2.800000 -0.000000 -0.100000 3.300000 0.300000 -0.100000 3.300000 -0.000000 0.600000 0.000000 0.300000 0.600000 0.000000 -0.100000 0.600000 1.200000 0.300000 0.600000 1.200000 -0.100000 -0.500000 0.000000 0.300000 -0.500000 0.000000 -0.100000 -0.500000 1.200000 0.300000 -0.500000 1.200000 -0.100000 0.200000 2.800000 0.300000 0.200000 2.800000 -0.000000 0.200000 3.300000 0.300000 0.200000 3.300000 -0.000000 0.800000 3.300000 0.600000 0.800000 3.300000 -0.300000 0.800000 4.500000 0.600000 0.800000 4.500000 -0.300000 0.900000 0.000000 0.300000 0.900000 0.000000 -0.100000 0.900000 1.200000 0.600000 0.900000 1.200000 0.300000 0.900000 1.200000 -0.100000 0.900000 1.200000 -0.400000 0.900000 2.500000 0.300000 0.900000 2.500000 -0.100000 0.900000 2.800000 0.600000 0.900000 2.800000 0.300000 0.900000 2.800000 -0.100000 0.900000 2.800000 -0.400000 2.000000 2.500000 0.300000 2.000000 2.500000 -0.100000 2.000000 2.800000 0.300000 2.000000 2.800000 -0.100000 -0.800000 1.200000 0.600000 -0.800000 2.800000 0.600000 -0.700000 3.300000 0.600000 -0.700000 4.500000 0.600000 0.800000 3.300000 0.600000 0.800000 4.500000 0.600000 0.900000 1.200000 0.600000 0.900000 2.800000 0.600000 -2.000000 2.500000 0.300000 -2.000000 2.800000 0.300000 -0.800000 0.000000 0.300000 -0.800000 1.200000 0.300000 -0.800000 2.500000 0.300000 -0.800000 2.800000 0.300000 -0.500000 0.000000 0.300000 -0.500000 1.200000 0.300000 -0.100000 2.800000 0.300000 -0.100000 3.300000 0.300000 0.200000 2.800000 0.300000 0.200000 3.300000 0.300000 0.600000 0.000000 0.300000 0.600000 1.200000 0.300000 0.900000 0.000000 0.300000 0.900000 1.200000 0.300000 0.900000 2.500000 0.300000 0.900000 2.800000 0.300000 2.000000 2.500000 0.300000 2.000000 2.800000 0.300000 -0.100000 2.800000 -0.000000 -0.100000 3.300000 -0.000000 0.200000 2.800000 -0.000000 0.200000 3.300000 -0.000000 -2.000000 2.500000 -0.100000 -2.000000 2.800000 -0.100000 -0.800000 0.000000 -0.100000 -0.800000 1.200000 -0.100000 -0.800000 2.500000 -0.100000 -0.800000 2.800000 -0.100000 -0.500000 0.000000 -0.100000 -0.500000 1.200000 -0.100000 0.600000 0.000000 -0.100000 0.600000 1.200000 -0.100000 0.900000 0.000000 -0.100000 0.900000 1.200000 -0.100000 0.900000 2.500000 -0.100000 0.900000 2.800000 -0.100000 2.000000 2.500000 -0.100000 2.000000 2.800000 -0.100000 -0.700000 3.300000 -0.300000 -0.700000 4.500000 -0.300000 0.800000 3.300000 -0.300000 0.800000 4.500000 -0.300000 -0.800000 1.200000 -0.400000 -0.800000 2.800000 -0.400000 0.900000 1.200000 -0.400000 0.900000 2.800000 -0.400000 -0.800000 0.000000 0.300000 -0.500000 0.000000 0.300000 0.600000 0.000000 0.300000 0.900000 0.000000 0.300000 -0.800000 0.000000 -0.100000 -0.500000 0.000000 -0.100000 0.600000 0.000000 -0.100000 0.900000 0.000000 -0.100000 -0.800000 1.200000 0.600000 0.900000 1.200000 0.600000 -0.800000 1.200000 0.300000 -0.500000 1.200000 0.300000 0.600000 1.200000 0.300000 0.900000 1.200000 0.300000 -0.800000 1.200000 -0.100000 -0.500000 1.200000 -0.100000 0.600000 1.200000 -0.100000 0.900000 1.200000 -0.100000 -0.800000 1.200000 -0.400000 0.900000 1.200000 -0.400000 -2.000000 2.500000 0.300000 -0.800000 2.500000 0.300000 0.900000 2.500000 0.300000 2.000000 2.500000 0.300000 -2.000000 2.500000 -0.100000 -0.800000 2.500000 -0.100000 0.900000 2.500000 -0.100000 2.000000 2.500000 -0.100000 -0.700000 3.300000 0.600000 0.800000 3.300000 0.600000 -0.100000 3.300000 0.300000 0.200000 3.300000 0.300000 -0.100000 3.300000 -0.000000 0.200000 3.300000 -0.000000 -0.700000 3.300000 -0.300000 0.800000 3.300000 -0.300000 -0.800000 2.800000 0.600000 0.900000 2.800000 0.600000 -2.000000 2.800000 0.300000 -0.800000 2.800000 0.300000 -0.100000 2.800000 0.300000 0.200000 2.800000 0.300000 0.900000 2.800000 0.300000 2.000000 2.800000 0.300000 -0.100000 2.800000 -0.000000 0.200000 2.800000 -0.000000 -2.000000 2.800000 -0.100000 -0.800000 2.800000 -0.100000 0.900000 2.800000 -0.100000 2.000000 2.800000 -0.100000 -0.800000 2.800000 -0.400000 0.900000 2.800000 -0.400000 -0.700000 4.500000 0.600000 0.800000 4.500000 0.600000 -0.700000 4.500000 -0.300000 0.800000 4.500000 -0.300000</float_array>
          <technique_common>
            <accessor count="168" source="#unamed-lib-Position-array" stride="3">
              <param name="X" type="float"/>
              <param name="Y" type="float"/>
              <param name="Z" type="float"/>
            </accessor>
          </technique_common>
        </source>
        <source id="unamed-lib-Normal0" name="normal">
          <float_array id="unamed-lib-Normal0-array" count="18"> -1.000000 0.000000 0.000000 1.000000 0.000000 0.000000 0.000000 0.000000 1.000000 0.000000 0.000000 -1.000000 0.000000 -1.000000 0.000000 0.000000 1.000000 0.000000</float_array>
          <technique_common>
            <accessor count="6" source="#unamed-lib-Normal0-array" stride="3">
              <param name="X" type="float"/>
              <param name="Y" type="float"/>
              <param name="Z" type="float"/>
            </accessor>
          </technique_common>
        </source>
        <source id="unamed-lib-UV0" name="map1">
          <float_array id="unamed-lib-UV0-array" count="2"> 0.033203 0.500000</float_array>
          <technique_common>
            <accessor count="1" source="#unamed-lib-UV0-array" stride="2">
              <param name="S" type="float"/>
              <param name="T" type="float"/>
            </accessor>
          </technique_common>
        </source>
        <vertices id="unamed-lib-Vertex">
          <input semantic="POSITION" source="#unamed-lib-Position"/>
        </vertices>
        <polylist material="palettematSG" count="108">
          <input semantic="VERTEX" offset="0" source="#unamed-lib-Vertex"/>
          <input semantic="NORMAL" offset="1" source="#unamed-lib-Normal0"/>
          <input semantic="TEXCOORD" offset="2" set="0" source="#unamed-lib-UV0"/>
          <vcount> 3 3 3 3 3 3 3 3 3 3 3 3 3 3 3 3 3 3 3 3 3 3 3 3 3 3 3 3 3 3 3 3 3 3 3 3 3 3 3 3 3 3 3 3 3 3 3 3 3 3 3 3 3 3 3 3 3 3 3 3 3 3 3 3 3 3 3 3 3 3 3 3 3 3 3 3 3 3 3 3 3 3 3 3 3 3 3 3 3 3 3 3 3 3 3 3 3 3 3 3 3 3 3 3 3 3 3 3</vcount>
          <p> 2 0 0 1 0 0 0 0 0 3 0 0 1 0 0 2 0 0 7 0 0 5 0 0 4 0 0 8 0 0 5 0 0 7 0 0 10 0 0 7 0 0 6 0 0 10 0 0 9 0 0 8 0 0 10 0 0 8 0 0 7 0 0 11 0 0 9 0 0 10 0 0 12 0 0 10 0 0 6 0 0 13 0 0 10 0 0 12 0 0 14 0 0 9 0 0 11 0 0 15 0 0 9 0 0 14 0 0 18 0 0 17 0 0 16 0 0 19 0 0 17 0 0 18 0 0 22 0 0 21 0 0 20 0 0 23 0 0 21 0 0 22 0 0 26 0 0 25 0 0 24 0 0 27 0 0 25 0 0 26 0 0 28 1 0 29 1 0 30 1 0 30 1 0 29 1 0 31 1 0 32 1 0 33 1 0 34 1 0 34 1 0 33 1 0 35 1 0 36 1 0 37 1 0 38 1 0 38 1 0 37 1 0 39 1 0 40 1 0 41 1 0 43 1 0 43 1 0 41 1 0 44 1 0 42 1 0 43 1 0 46 1 0 44 1 0 45 1 0 46 1 0 43 1 0 44 1 0 46 1 0 46 1 0 45 1 0 47 1 0 42 1 0 46 1 0 48 1 0 48 1 0 46 1 0 49 1 0 47 1 0 45 1 0 50 1 0 50 1 0 45 1 0 51 1 0 52 1 0 53 1 0 54 1 0 54 1 0 53 1 0 55 1 0 60 2 0 59 2 0 58 2 0 61 2 0 59 2 0 60 2 0 62 2 0 57 2 0 56 2 0 63 2 0 57 2 0 62 2 0 68 2 0 65 2 0 64 2 0 69 2 0 65 2 0 68 2 0 70 2 0 67 2 0 66 2 0 71 2 0 67 2 0 70 2 0 74 2 0 73 2 0 72 2 0 75 2 0 73 2 0 74 2 0 78 2 0 77 2 0 76 2 0 79 2 0 77 2 0 78 2 0 82 2 0 81 2 0 80 2 0 83 2 0 81 2 0 82 2 0 84 3 0 85 3 0 86 3 0 86 3 0 85 3 0 87 3 0 88 3 0 89 3 0 92 3 0 92 3 0 89 3 0 93 3 0 90 3 0 91 3 0 94 3 0 94 3 0 91 3 0 95 3 0 96 3 0 97 3 0 98 3 0 98 3 0 97 3 0 99 3 0 100 3 0 101 3 0 102 3 0 102 3 0 101 3 0 103 3 0 104 3 0 105 3 0 106 3 0 106 3 0 105 3 0 107 3 0 108 3 0 109 3 0 110 3 0 110 3 0 109 3 0 111 3 0 116 4 0 113 4 0 112 4 0 117 4 0 113 4 0 116 4 0 118 4 0 115 4 0 114 4 0 119 4 0 115 4 0 118 4 0 122 4 0 121 4 0 120 4 0 123 4 0 121 4 0 122 4 0 124 4 0 121 4 0 123 4 0 125 4 0 121 4 0 124 4 0 127 4 0 124 4 0 123 4 0 128 4 0 124 4 0 127 4 0 130 4 0 127 4 0 126 4 0 130 4 0 129 4 0 128 4 0 130 4 0 128 4 0 127 4 0 131 4 0 129 4 0 130 4 0 136 4 0 133 4 0 132 4 0 137 4 0 133 4 0 136 4 0 138 4 0 135 4 0 134 4 0 139 4 0 135 4 0 138 4 0 142 4 0 141 4 0 140 4 0 143 4 0 141 4 0 142 4 0 144 4 0 142 4 0 140 4 0 145 4 0 141 4 0 143 4 0 146 4 0 144 4 0 140 4 0 146 4 0 145 4 0 144 4 0 147 4 0 141 4 0 145 4 0 147 4 0 145 4 0 146 4 0 148 5 0 149 5 0 151 5 0 151 5 0 149 5 0 152 5 0 152 5 0 149 5 0 153 5 0 153 5 0 149 5 0 154 5 0 150 5 0 151 5 0 156 5 0 151 5 0 152 5 0 156 5 0 154 5 0 155 5 0 157 5 0 153 5 0 154 5 0 157 5 0 150 5 0 156 5 0 158 5 0 156 5 0 157 5 0 158 5 0 158 5 0 157 5 0 159 5 0 157 5 0 155 5 0 160 5 0 159 5 0 157 5 0 160 5 0 160 5 0 155 5 0 161 5 0 159 5 0 160 5 0 162 5 0 162 5 0 160 5 0 163 5 0 164 5 0 165 5 0 166 5 0 166 5 0 165 5 0 167 5 0</p>
        </polylist>
      </mesh>
    </geometry>
  </library_geometries>
  <library_controllers>
    <controller id="unamedController">
      <skin source="#unamed-lib">
        <bind_shape_matrix>1.000000 -0.000000 0.000000 0.000000 0.000000 1.000000 0.000000 -0.000000 -0.000000 0.000000 1.000000 0.000000 0.000000 0.000000 0.000000 1.000000
</bind_shape_matrix>
        <source id="unamedController-Joints">
          <Name_array id="unamedController-Joints-array" count="26">
 mixamorig_RightForeArm mixamorig_RightHand mixamorig_RightHandIndex1
mixamorig_RightHandIndex2 mixamorig_RightHandIndex3 mixamorig_RightFoot mixamorig_RightToeBase
mixamorig_RightLeg mixamorig_Hips mixamorig_RightUpLeg mixamorig_RightShoulder
mixamorig_RightArm mixamorig_Spine2 mixamorig_Neck mixamorig_Head mixamorig_LeftLeg
mixamorig_LeftFoot mixamorig_LeftToeBase mixamorig_LeftUpLeg mixamorig_LeftShoulder
mixamorig_LeftArm mixamorig_LeftForeArm mixamorig_LeftHand mixamorig_LeftHandIndex1
mixamorig_LeftHandIndex3 mixamorig_LeftHandIndex2</Name_array>
          <technique_common>
            <accessor source="#unamedController-Joints-array" count="26">
              <param type="name"/>
            </accessor>
          </technique_common>
        </source>
        <source id="unamedController-Matrices">
          <float_array id="unamedController-Matrices-array" count="416">

-0.004391 -0.000138 0.999990 -0.109104 -0.999941 0.009967 -0.004389 -1.344400 -0.009967 -0.999950 -0.000181 2.631356 0.000000 0.000000 0.000000 1.000000
-0.048094 0.000298 0.998843 -0.193595 -0.995181 -0.085568 -0.047892 -1.668681 0.085455 -0.996332 0.004412 2.803512 0.000000 0.000000 0.000000 1.000000
0.097147 -0.926796 -0.362784 2.678650 0.055672 0.368997 -0.927762 -0.774793 0.993712 0.069932 0.087443 1.777206 0.000000 0.000000 0.000000 1.000000
0.097147 -0.926796 -0.362784 2.678650 0.055672 0.368997 -0.927762 -0.802156 0.993712 0.069932 0.087443 1.777206 0.000000 0.000000 0.000000 1.000000
0.097147 -0.926796 -0.362784 2.672728 0.055672 0.368997 -0.927762 -0.783913 0.993712 0.069932 0.087443 1.796443 0.000000 0.000000 0.000000 1.000000
-0.822504 0.014950 -0.568563 -0.518920 -0.568466 0.010514 0.822639 -0.336173 0.018277 0.999833 -0.000149 0.008996 0.000000 0.000000 0.000000 1.000000
-0.809631 0.014712 -0.586755 -0.505382 -0.586746 0.005355 0.809753 -0.613166 0.015055 0.999877 0.004297 0.005630 0.000000 0.000000 0.000000 1.000000
-0.991797 -0.127824 0.000190 -0.612714 0.125033 -0.970447 -0.206394 0.710119 0.026567 -0.204678 0.978469 0.034981 0.000000 0.000000 0.000000 1.000000
1.000000 0.000000 0.000000 -0.000000 -0.000000 1.000000 0.000000 -1.570954 0.000000 -0.000000 1.000000 -0.099675 0.000000 0.000000 0.000000 1.000000
-0.998961 0.045581 -0.000068 -0.724840 -0.045581 -0.998960 0.001487 1.399359 0.000000 0.001489 0.999999 -0.113374 0.000000 0.000000 0.000000 1.000000
-0.000041 -0.000683 1.000000 -0.098599 -0.982230 -0.187681 -0.000169 0.243614 0.187681 -0.982230 -0.000663 2.783446 0.000000 0.000000 0.000000 1.000000
0.006545 0.000575 0.999978 -0.096568 -0.997860 -0.065051 0.006568 -0.644279 0.065053 -0.997882 0.000148 2.724771 0.000000 0.000000 0.000000 1.000000
1.000000 0.000000 0.000000 -0.000000 -0.000000 1.000000 0.000680 -2.453541 0.000000 -0.000680 1.000000 -0.098607 0.000000 0.000000 0.000000 1.000000
1.000000 0.000000 0.000000 -0.000000 -0.000000 1.000000 0.000000 -2.831696 0.000000 -0.000000 1.000000 -0.100532 0.000000 0.000000 0.000000 1.000000
1.000000 0.000000 0.000000 -0.000000 -0.000000 1.000000 0.000000 -3.458475 0.000000 -0.000000 1.000000 -0.067424 0.000000 0.000000 0.000000 1.000000
-0.991840 0.127481 0.001483 0.612787 -0.125160 -0.971432 -0.201629 0.707636 -0.024263 -0.200170 0.979461 0.043325 0.000000 0.000000 0.000000 1.000000
-0.835162 -0.006548 0.549966 0.531861 0.549893 0.010173 0.835173 -0.316138 -0.011064 0.999927 -0.004896 0.004403 0.000000 0.000000 0.000000 1.000000
-0.807201 -0.006041 0.590246 0.502267 0.590222 0.005397 0.807223 -0.616021 -0.008062 0.999967 -0.000791 0.001271 0.000000 0.000000 0.000000 1.000000
-0.998961 -0.045575 -0.000530 0.724897 0.045578 -0.998893 -0.011624 1.400697 -0.000000 -0.011636 0.999932 -0.092138 0.000000 0.000000 0.000000 1.000000
0.096275 -0.003127 -0.995350 0.107481 0.977773 -0.186829 0.095162 0.230440 -0.186258 -0.982387 -0.014929 2.785306 0.000000 0.000000 0.000000 1.000000
-0.160990 0.045506 -0.985906 0.186429 0.984419 -0.064174 -0.163709 -0.605674 -0.070719 -0.996901 -0.034466 2.732967 0.000000 0.000000 0.000000 1.000000
0.003073 0.034334 -0.999406 0.000939 0.999944 0.009968 0.003417 -1.345189 0.010079 -0.999361 -0.034302 2.632918 0.000000 0.000000 0.000000 1.000000
-0.009801 0.998907 -0.045694 -2.624418 0.783574 -0.020716 -0.620954 -1.380573 -0.621222 -0.041891 -0.782514 1.373851 0.000000 0.000000 0.000000 1.000000
-0.081009 0.996653 0.010957 -2.481600 0.955758 0.080795 -0.282842 -2.076615 -0.282780 -0.012440 -0.959104 0.640411 0.000000 0.000000 0.000000 1.000000
-0.081009 0.996653 0.010957 -2.488932 0.955758 0.080795 -0.282842 -2.117268 -0.282780 -0.012440 -0.959104 0.631807 0.000000 0.000000 0.000000 1.000000
-0.081009 0.996653 0.010957 -2.481600 0.955758 0.080795 -0.282842 -2.100751 -0.282780 -0.012440 -0.959104 0.640411 0.000000 0.000000 0.000000 1.000000</float_array>
          <technique_common>
            <accessor source="#unamedController-Matrices-array" count="26" stride="16">
              <param type="float4x4"/>
            </accessor>
          </technique_common>
        </source>
        <source id="unamedController-Weights">
          <float_array id="unamedController-Weights-array" count="424">

1.000000 0.030721 0.394668 0.509140 0.065471 0.461754 0.465103 0.073143 0.085148 0.629553 0.285299 1.000000 0.079520 0.920480 0.360827 0.296754
0.342420 0.245390 0.754610 0.163727 0.836273 0.206979 0.793021 0.312537 0.687462 0.749194 0.226649 0.024157 0.000073 0.706195 0.277079 0.016652
0.708232 0.011328 0.280440 0.000085 0.681040 0.171062 0.147812 0.000019 0.654977 0.251887 0.093117 0.816033 0.047487 0.136480 0.134978 0.865022
0.156412 0.843588 1.000000 1.000000 0.974682 0.025318 0.732564 0.267436 0.834975 0.165025 0.915921 0.084079 0.009780 0.167265 0.822955 0.352006
0.335424 0.312570 0.191889 0.808111 0.203810 0.796189 0.336947 0.617835 0.045218 0.370464 0.318506 0.311031 0.338342 0.661658 0.371657 0.628343
1.000000 1.000000 0.017121 0.856879 0.126000 0.014652 0.928016 0.057332 0.237106 0.762894 0.390108 0.609892 1.000000 1.000000 0.027883 0.972117
0.263121 0.372100 0.364779 0.170147 0.829853 0.146447 0.853553 0.174953 0.825047 0.214665 0.785335 0.000267 0.421601 0.574273 0.003859 0.002969
0.522367 0.474298 0.000365 0.017638 0.764190 0.218172 0.007342 0.493294 0.497404 0.001960 0.022814 0.538648 0.438342 0.000195 0.052802 0.862288
0.084910 0.001971 0.962527 0.002429 0.033072 0.033080 0.000594 0.966326 0.002164 0.982498 0.005834 0.009503 0.997023 0.002977 0.245390 0.754610
0.708232 0.011328 0.280440 0.134978 0.865022 1.000000 0.237106 0.762894 1.000000 0.170147 0.829853 0.017638 0.764190 0.218172 0.030721 0.394668
0.509140 0.065471 0.085148 0.629553 0.285299 0.079520 0.920480 0.163727 0.836273 0.749194 0.226649 0.024157 0.000085 0.681040 0.171062 0.147812
0.336947 0.617835 0.045218 0.338342 0.661658 0.974682 0.025318 0.834975 0.165025 1.000000 0.017121 0.856879 0.126000 0.009780 0.167265 0.822955
0.191889 0.808111 0.027883 0.972117 0.146447 0.853553 0.000267 0.421601 0.574273 0.003859 0.007342 0.493294 0.497404 0.001960 0.001971 0.962527
0.002429 0.033072 0.002164 0.982498 0.005834 0.009503 0.732564 0.267436 0.915921 0.084079 1.000000 0.014652 0.928016 0.057332 0.461754 0.465103
0.073143 1.000000 0.360827 0.296754 0.342420 0.206979 0.793021 0.000073 0.706195 0.277079 0.016652 0.000019 0.654977 0.251887 0.093117 0.370464
0.318506 0.311031 0.371657 0.628343 0.352006 0.335424 0.312570 0.203810 0.796189 0.263121 0.372100 0.364779 0.174953 0.825047 0.002969 0.522367
0.474298 0.000365 0.022814 0.538648 0.438342 0.000195 0.033080 0.000594 0.966326 0.997023 0.002977 0.156412 0.843588 1.000000 0.390108 0.609892
1.000000 0.312537 0.687462 0.816033 0.047487 0.136480 0.214665 0.785335 0.052802 0.862288 0.084910 0.079520 0.920480 0.336947 0.617835 0.045218
0.009780 0.167265 0.822955 0.027883 0.972117 0.360827 0.296754 0.342420 0.370464 0.318506 0.311031 0.352006 0.335424 0.312570 0.263121 0.372100
0.364779 0.245390 0.754610 0.170147 0.829853 0.163727 0.836273 0.338342 0.661658 0.191889 0.808111 0.146447 0.853553 0.206979 0.793021 0.371657
0.628343 0.203810 0.796189 0.174953 0.825047 0.312537 0.687462 0.214665 0.785335 0.030721 0.394668 0.509140 0.065471 0.749194 0.226649 0.024157
0.000267 0.421601 0.574273 0.003859 0.001971 0.962527 0.002429 0.033072 0.461754 0.465103 0.073143 0.000073 0.706195 0.277079 0.016652 0.002969
0.522367 0.474298 0.000365 0.033080 0.000594 0.966326 0.134978 0.865022 0.237106 0.762894 0.834975 0.165025 0.017121 0.856879 0.126000 0.915921
0.084079 0.014652 0.928016 0.057332 0.156412 0.843588 0.390108 0.609892 0.708232 0.011328 0.280440 0.017638 0.764190 0.218172 0.085148 0.629553
0.285299 0.000085 0.681040 0.171062 0.147812 0.974682 0.025318 1.000000 0.007342 0.493294 0.497404 0.001960 0.002164 0.982498 0.005834 0.009503
0.732564 0.267436 1.000000 1.000000 0.000019 0.654977 0.251887 0.093117 0.022814 0.538648 0.438342 0.000195 0.997023 0.002977 0.816033 0.047487
0.136480 0.052802 0.862288 0.084910 1.000000 1.000000 1.000000 1.000000</float_array>
          <technique_common>
            <accessor source="#unamedController-Weights-array" count="424">
              <param type="float"/>
            </accessor>
          </technique_common>
        </source>
        <joints>
          <input semantic="JOINT" source="#unamedController-Joints"/>
          <input semantic="INV_BIND_MATRIX" source="#unamedController-Matrices"/>
        </joints>
        <vertex_weights count="168">
          <input semantic="JOINT" offset="0" source="#unamedController-Joints"/>
          <input semantic="WEIGHT" offset="1" source="#unamedController-Weights"/>
          <vcount>4 3 3 1 2 3 2 2 2 2 3 4 3 4 4 3 2 2 1 1 2 2 2 2 3 3 2 2 3 3 2 2 1 1 3 3 2 2 1 1 2 3 2 2 2 2 4 4 3 4 4 3 4 3 4 2 2 3 2 1 2 1 2 3 4 3 2 2 3 4 3 2 2 2 1 3 3 2 2 2 4 4 4 4 2 2 1 3 3 1 3 2 4 4 3 2 3 2 3 2 4 4 3 2 2 1 2 1 2 3 2 3 2 3 3 2 3 3 3 3 2 2 2 2 2 2 2 2 2 2 2 2 4 3 4 4 3 4 4 3 2 2 2 3 2 3 2 2 3 3 3 4 2 1 4 4 2 1 1 4 4 2 3 3 1 1 1 1</vcount>
          <v>0 1 1 2 2 3 3 4 2 5 3 6 4 7 0 8 1 9 2 10 2 11 5 12 6 13 5 14 6 15 7 16 8 17 9 18 8 19 9 20 8 21 9 22 8 23 9 24 10 25 11 26 12 27 0 28 10 29 11 30 12 31 10 32 11 33 12 34 0 35 10 36 11 37 12 38 0 39 10 40 11 41 12 42 10 43 11 44 12 45 13 46 14 47 13 48 14 49 14 50 14 51 12 52 13 53 12 54 13 55 13 56 14 57 13 58 14 59 15 60 16 61 17 62 15 63 16 64 17 65 8 66 18 67 8 68 18 69 5 70 6 71 7 72 5 73 6 74 7 75 8 76 9 77 8 78 9 79 12 80 12 81 12 82 13 83 14 84 12 85 13 86 14 87 13 88 14 89 13 90 14 91 14 92 14 93 16 94 17 95 15 96 16 97 17 98 8 99 18 100 8 101 18 102 8 103 18 104 8 105 18 106 12 107 19 108 20 109 21 110 12 111 19 112 20 113 21 114 12 115 19 116 20 117 12 118 19 119 20 120 21 121 12 122 19 123 20 124 21 125 12 126 19 127 20 128 20 129 21 130 22 131 23 132 23 133 24 134 25 135 20 136 21 137 22 138 23 139 24 140 25 141 8 142 9 143 10 144 11 145 12 146 13 147 14 148 14 149 13 150 14 151 14 152 8 153 18 154 12 155 19 156 20 157 0 158 1 159 2 160 3 161 0 162 1 163 2 164 5 165 6 166 8 167 9 168 10 169 11 170 12 171 0 172 10 173 11 174 12 175 5 176 6 177 7 178 8 179 9 180 12 181 13 182 13 183 14 184 12 185 12 186 13 187 14 188 15 189 16 190 17 191 8 192 18 193 16 194 17 195 8 196 18 197 12 198 19 199 20 200 21 201 12 202 19 203 20 204 21 205 20 206 21 207 22 208 23 209 20 210 21 211 22 212 23 213 12 214 13 215 13 216 14 217 12 218 12 219 13 220 14 221 2 222 3 223 4 224 2 225 5 226 6 227 7 228 8 229 9 230 0 231 10 232 11 233 12 234 0 235 10 236 11 237 12 238 5 239 6 240 7 241 8 242 9 243 15 244 16 245 17 246 8 247 18 248 15 249 16 250 17 251 8 252 18 253 12 254 19 255 20 256 21 257 12 258 19 259 20 260 21 261 23 262 24 263 25 264 24 265 25 266 13 267 14 268 14 269 13 270 14 271 14 272 8 273 9 274 10 275 11 276 12 277 8 278 18 279 12 280 19 281 20 282 5 283 6 284 5 285 6 286 7 287 15 288 16 289 17 290 16 291 17 292 5 293 6 294 7 295 5 296 6 297 7 298 15 299 16 300 17 301 15 302 16 303 17 304 8 305 9 306 8 307 18 308 8 309 9 310 8 311 9 312 8 313 18 314 8 315 18 316 8 317 9 318 8 319 9 320 8 321 18 322 8 323 18 324 8 325 9 326 8 327 18 328 0 329 1 330 2 331 3 332 10 333 11 334 12 335 12 336 19 337 20 338 21 339 20 340 21 341 22 342 23 343 2 344 3 345 4 346 0 347 10 348 11 349 12 350 12 351 19 352 20 353 21 354 23 355 24 356 25 357 13 358 14 359 13 360 14 361 13 362 14 363 12 364 13 365 14 366 13 367 14 368 12 369 13 370 14 371 13 372 14 373 13 374 14 375 10 376 11 377 12 378 12 379 19 380 20 381 0 382 1 383 2 384 0 385 10 386 11 387 12 388 12 389 13 390 12 391 12 392 19 393 20 394 21 395 20 396 21 397 22 398 23 399 12 400 13 401 12 402 2 403 0 404 10 405 11 406 12 407 12 408 19 409 20 410 21 411 24 412 25 413 10 414 11 415 12 416 12 417 19 418 20 419 14 420 14 421 14 422 14 423</v>
        </vertex_weights>
      </skin>
    </controller>
  </library_controllers>
  <library_animations>
    <animation id="mixamorig_Hips-anim" name="mixamorig_Hips">
      <source id="mixamorig_Hips-Matrix-animation-input">
        <float_array id="mixamorig_Hips-Matrix-animation-input-array" count="32">

0.000000 0.033333 0.066667 0.100000 0.133333 0.166667 0.200000 0.233333 0.266667 0.300000 0.333333 0.366667 0.400000 0.433333 0.466667 0.500000
0.533333 0.566667 0.600000 0.633333 0.666667 0.700000 0.733333 0.766667 0.800000 0.833333 0.866667 0.900000 0.933333 0.966667 1.000000 1.033333</float_array>
        <technique_common>
          <accessor source="#mixamorig_Hips-Matrix-animation-input-array" count="32">
            <param name="TIME" type="float"/>
          </accessor>
        </technique_common>
      </source>
      <source id="mixamorig_Hips-Matrix-animation-output-transform">
        <float_array id="mixamorig_Hips-Matrix-animation-output-transform-array" count="512">

0.998853 0.017988 0.044374 0.031178 -0.017216 0.999695 -0.017720 1.533333 -0.044679 0.016936 0.998858 -0.080957 0.000000 0.000000 0.000000 1.000000
0.999594 0.017304 0.022633 0.030174 -0.016903 0.999699 -0.017792 1.550743 -0.022934 0.017402 0.999586 -0.068782 0.000000 0.000000 0.000000 1.000000
0.999751 0.021914 0.004246 0.029362 -0.021845 0.999639 -0.015624 1.539347 -0.004587 0.015528 0.999869 -0.056240 0.000000 0.000000 0.000000 1.000000
0.999604 0.026577 -0.009285 0.032405 -0.026689 0.999571 -0.012067 1.498858 0.008960 0.012310 0.999884 -0.034788 0.000000 0.000000 0.000000 1.000000
0.999405 0.027459 -0.020891 0.036163 -0.027675 0.999566 -0.010136 1.440483 0.020604 0.010708 0.999730 -0.014239 0.000000 0.000000 0.000000 1.000000
0.999016 0.025737 -0.036129 0.041024 -0.026159 0.999594 -0.011274 1.372969 0.035824 0.012208 0.999284 -0.002086 0.000000 0.000000 0.000000 1.000000
0.997986 0.025377 -0.058146 0.046567 -0.026179 0.999572 -0.013077 1.302294 0.057789 0.014573 0.998222 -0.003098 0.000000 0.000000 0.000000 1.000000
0.996410 0.026285 -0.080476 0.050088 -0.027380 0.999547 -0.012533 1.238776 0.080110 0.014691 0.996678 -0.028319 0.000000 0.000000 0.000000 1.000000
0.995084 0.026118 -0.095533 0.050874 -0.027336 0.999561 -0.011465 1.190283 0.095191 0.014020 0.995360 -0.075673 0.000000 0.000000 0.000000 1.000000
0.994588 0.021266 -0.101700 0.053923 -0.022928 0.999622 -0.015201 1.173465 0.101339 0.017451 0.994699 -0.124284 0.000000 0.000000 0.000000 1.000000
0.995364 0.011274 -0.095516 0.056567 -0.013586 0.999630 -0.023580 1.198869 0.095214 0.024769 0.995149 -0.172676 0.000000 0.000000 0.000000 1.000000
0.996611 0.003723 -0.082169 0.059849 -0.006108 0.999567 -0.028792 1.238375 0.082026 0.029196 0.996202 -0.203029 0.000000 0.000000 0.000000 1.000000
0.997981 0.001008 -0.063501 0.065202 -0.002680 0.999652 -0.026247 1.308873 0.063453 0.026365 0.997637 -0.191148 0.000000 0.000000 0.000000 1.000000
0.998870 0.005765 -0.047172 0.072056 -0.006701 0.999783 -0.019703 1.395755 0.047048 0.019997 0.998692 -0.160289 0.000000 0.000000 0.000000 1.000000
0.999361 0.015885 -0.032009 0.079451 -0.016372 0.999753 -0.015011 1.473189 0.031762 0.015526 0.999375 -0.129596 0.000000 0.000000 0.000000 1.000000
0.999618 0.026288 -0.008578 0.084341 -0.026417 0.999535 -0.015250 1.532091 0.008173 0.015471 0.999847 -0.106195 0.000000 0.000000 0.000000 1.000000
0.999327 0.028715 0.022809 0.084203 -0.028253 0.999394 -0.020322 1.558668 -0.023379 0.019664 0.999533 -0.092694 0.000000 0.000000 0.000000 1.000000
0.998369 0.021164 0.053015 0.080517 -0.019753 0.999441 -0.026987 1.552594 -0.053556 0.025896 0.998229 -0.075704 0.000000 0.000000 0.000000 1.000000
0.997217 0.007823 0.074136 0.074343 -0.005505 0.999491 -0.031410 1.516633 -0.074344 0.030915 0.996753 -0.052207 0.000000 0.000000 0.000000 1.000000
0.996219 -0.004421 0.086770 0.068631 0.007271 0.999443 -0.032555 1.457861 -0.086578 0.033063 0.995696 -0.022552 0.000000 0.000000 0.000000 1.000000
0.995054 -0.012149 0.098585 0.064604 0.015389 0.999364 -0.032176 1.386417 -0.098131 0.033534 0.994608 0.005471 0.000000 0.000000 0.000000 1.000000
0.992861 -0.017033 0.118057 0.063002 0.020986 0.999257 -0.032325 1.303725 -0.117419 0.034572 0.992481 0.020842 0.000000 0.000000 0.000000 1.000000
0.989474 -0.020360 0.143273 0.064238 0.025468 0.999100 -0.033913 1.230112 -0.142454 0.037205 0.989102 0.009228 0.000000 0.000000 0.000000 1.000000
0.986731 -0.018030 0.161361 0.064385 0.024415 0.998992 -0.037673 1.182363 -0.160519 0.041113 0.986176 -0.035710 0.000000 0.000000 0.000000 1.000000
0.986004 -0.008684 0.166494 0.062902 0.016305 0.998878 -0.044461 1.169257 -0.165921 0.046554 0.985040 -0.091567 0.000000 0.000000 0.000000 1.000000
0.987143 0.007692 0.159656 0.061049 0.000823 0.998583 -0.053203 1.186220 -0.159839 0.052650 0.985738 -0.142748 0.000000 0.000000 0.000000 1.000000
0.988963 0.026401 0.145790 0.057040 -0.017992 0.998114 -0.058697 1.228856 -0.147065 0.055426 0.987573 -0.179575 0.000000 0.000000 0.000000 1.000000
0.991060 0.038063 0.127873 0.046157 -0.031204 0.997986 -0.055226 1.301251 -0.129717 0.050742 0.990252 -0.167594 0.000000 0.000000 0.000000 1.000000
0.992929 0.039401 0.111984 0.037222 -0.034701 0.998445 -0.043617 1.380442 -0.113528 0.039423 0.992752 -0.137100 0.000000 0.000000 0.000000 1.000000
0.994844 0.032974 0.095904 0.031643 -0.030171 0.999078 -0.030533 1.448637 -0.096823 0.027482 0.994922 -0.112802 0.000000 0.000000 0.000000 1.000000
0.996972 0.024805 0.073698 0.030156 -0.023280 0.999498 -0.021480 1.499246 -0.074194 0.019699 0.997049 -0.096784 0.000000 0.000000 0.000000 1.000000
0.998853 0.017988 0.044374 0.031178 -0.017216 0.999695 -0.017720 1.533333 -0.044679 0.016936 0.998858 -0.080957 0.000000 0.000000 0.000000 1.000000</float_array>
        <technique_common>
          <accessor source="#mixamorig_Hips-Matrix-animation-output-transform-array" count="32" stride="16">
            <param type="float4x4"/>
          </accessor>
        </technique_common>
      </source>
      <source id="mixamorig_Hips-Interpolations">
        <Name_array id="mixamorig_Hips-Interpolations-array" count="32">
 LINEAR LINEAR LINEAR LINEAR LINEAR LINEAR LINEAR LINEAR LINEAR LINEAR LINEAR
LINEAR LINEAR LINEAR LINEAR LINEAR LINEAR LINEAR LINEAR LINEAR LINEAR LINEAR LINEAR
LINEAR LINEAR LINEAR LINEAR LINEAR LINEAR LINEAR LINEAR LINEAR</Name_array>
        <technique_common>
          <accessor source="#mixamorig_Hips-Interpolations-array" count="32">
            <param type="name"/>
          </accessor>
        </technique_common>
      </source>
      <sampler id="mixamorig_Hips-Matrix-animation-transform">
        <input semantic="INPUT" source="#mixamorig_Hips-Matrix-animation-input"/>
        <input semantic="OUTPUT" source="#mixamorig_Hips-Matrix-animation-output-transform"/>
        <input semantic="INTERPOLATION" source="#mixamorig_Hips-Interpolations"/>
      </sampler>
      <channel source="#mixamorig_Hips-Matrix-animation-transform" target="mixamorig_Hips/matrix"/>
    </animation>
    <animation id="mixamorig_Spine-anim" name="mixamorig_Spine">
      <source id="mixamorig_Spine-Matrix-animation-input">
        <float_array id="mixamorig_Spine-Matrix-animation-input-array" count="32">

0.000000 0.033333 0.066667 0.100000 0.133333 0.166667 0.200000 0.233333 0.266667 0.300000 0.333333 0.366667 0.400000 0.433333 0.466667 0.500000
0.533333 0.566667 0.600000 0.633333 0.666667 0.700000 0.733333 0.766667 0.800000 0.833333 0.866667 0.900000 0.933333 0.966667 1.000000 1.033333</float_array>
        <technique_common>
          <accessor source="#mixamorig_Spine-Matrix-animation-input-array" count="32">
            <param name="TIME" type="float"/>
          </accessor>
        </technique_common>
      </source>
      <source id="mixamorig_Spine-Matrix-animation-output-transform">
        <float_array id="mixamorig_Spine-Matrix-animation-output-transform-array" count="512">

0.999953 0.004220 0.008703 -0.000000 -0.004185 0.999983 -0.004100 0.252148 -0.008720 0.004063 0.999954 0.000171 0.000000 0.000000 0.000000 1.000000
0.999886 0.007957 0.012818 0.000000 -0.007900 0.999959 -0.004492 0.252148 -0.012854 0.004390 0.999908 0.000171 0.000000 0.000000 0.000000 1.000000
0.999825 0.008899 0.016447 0.000000 -0.008794 0.999940 -0.006456 0.252148 -0.016504 0.006310 0.999844 0.000171 0.000000 0.000000 0.000000 1.000000
0.999772 0.008160 0.019744 0.000000 -0.008015 0.999940 -0.007418 0.252148 -0.019803 0.007258 0.999778 0.000171 0.000000 0.000000 0.000000 1.000000
0.999672 0.008763 0.024079 0.000000 -0.008554 0.999925 -0.008770 0.252148 -0.024154 0.008561 0.999672 0.000171 0.000000 0.000000 0.000000 1.000000
0.999445 0.010886 0.031468 0.000000 -0.010605 0.999902 -0.009089 0.252148 -0.031564 0.008750 0.999463 0.000171 0.000000 0.000000 0.000000 1.000000
0.998957 0.012548 0.043912 -0.000000 -0.012166 0.999886 -0.008943 0.252148 -0.044019 0.008400 0.998995 0.000171 0.000000 0.000000 0.000000 1.000000
0.998287 0.013352 0.056971 0.000000 -0.012885 0.999880 -0.008546 0.252148 -0.057078 0.007797 0.998339 0.000171 0.000000 0.000000 0.000000 1.000000
0.997782 0.013083 0.065270 -0.000000 -0.012627 0.999893 -0.007400 0.252148 -0.065360 0.006560 0.997840 0.000171 0.000000 0.000000 0.000000 1.000000
0.997599 0.013171 0.067993 -0.000000 -0.012963 0.999910 -0.003502 0.252148 -0.068033 0.002612 0.997680 0.000171 0.000000 0.000000 0.000000 1.000000
0.997933 0.015945 0.062255 0.000000 -0.016084 0.999869 0.001731 0.252148 -0.062219 -0.002729 0.998059 0.000171 0.000000 0.000000 0.000000 1.000000
0.998465 0.016777 0.052778 -0.000000 -0.017002 0.999848 0.003832 0.252148 -0.052706 -0.004724 0.998599 0.000171 0.000000 0.000000 0.000000 1.000000
0.999154 0.015653 0.038027 0.000000 -0.015751 0.999873 0.002268 0.252148 -0.037987 -0.002865 0.999274 0.000171 0.000000 0.000000 0.000000 1.000000
0.999629 0.012697 0.024085 0.000000 -0.012697 0.999919 -0.000146 0.252148 -0.024085 -0.000160 0.999710 0.000171 0.000000 0.000000 0.000000 1.000000
0.999861 0.007935 0.014665 0.000000 -0.007906 0.999967 -0.002000 0.252148 -0.014680 0.001884 0.999890 0.000171 0.000000 0.000000 0.000000 1.000000
0.999975 0.002526 0.006598 0.000000 -0.002510 0.999994 -0.002503 0.252148 -0.006605 0.002486 0.999975 0.000171 0.000000 0.000000 0.000000 1.000000
0.999999 0.000182 -0.001034 0.000000 -0.000186 0.999995 -0.003286 0.252148 0.001034 0.003286 0.999994 0.000171 0.000000 0.000000 0.000000 1.000000
0.999973 0.000612 -0.007278 0.000000 -0.000641 0.999992 -0.004025 0.252148 0.007276 0.004029 0.999965 0.000171 0.000000 0.000000 0.000000 1.000000
0.999934 0.002445 -0.011270 -0.000000 -0.002498 0.999986 -0.004646 0.252148 0.011258 0.004674 0.999926 0.000171 0.000000 0.000000 0.000000 1.000000
0.999898 0.002460 -0.014049 -0.000000 -0.002548 0.999977 -0.006266 0.252148 0.014034 0.006301 0.999882 0.000171 0.000000 0.000000 0.000000 1.000000
0.999827 0.001024 -0.018598 -0.000000 -0.001171 0.999968 -0.007901 0.252148 0.018589 0.007921 0.999796 0.000171 0.000000 0.000000 0.000000 1.000000
0.999582 -0.001218 -0.028892 0.000000 0.000964 0.999961 -0.008817 0.252148 0.028902 0.008785 0.999544 0.000171 0.000000 0.000000 0.000000 1.000000
0.999094 -0.002584 -0.042487 0.000000 0.002204 0.999957 -0.008983 0.252148 0.042508 0.008881 0.999057 0.000171 0.000000 0.000000 0.000000 1.000000
0.998751 -0.004015 -0.049800 0.000000 0.003675 0.999969 -0.006910 0.252148 0.049827 0.006719 0.998735 0.000171 0.000000 0.000000 0.000000 1.000000
0.998727 -0.005352 -0.050162 0.000000 0.005248 0.999984 -0.002193 0.252148 0.050173 0.001927 0.998739 0.000171 0.000000 0.000000 0.000000 1.000000
0.998874 -0.007245 -0.046878 0.000000 0.007378 0.999969 0.002660 0.252148 0.046858 -0.003003 0.998897 0.000171 0.000000 0.000000 0.000000 1.000000
0.999126 -0.010965 -0.040329 -0.000000 0.011177 0.999925 0.005025 0.252148 0.040271 -0.005471 0.999174 0.000171 0.000000 0.000000 0.000000 1.000000
0.999566 -0.011381 -0.027159 0.000000 0.011490 0.999927 0.003864 0.252148 0.027113 -0.004174 0.999624 0.000171 0.000000 0.000000 0.000000 1.000000
0.999854 -0.009546 -0.014202 0.000000 0.009558 0.999954 0.000782 0.252148 0.014194 -0.000917 0.999899 0.000171 0.000000 0.000000 0.000000 1.000000
0.999971 -0.005311 -0.005370 0.000000 0.005302 0.999984 -0.001788 0.252148 0.005380 0.001759 0.999984 0.000171 0.000000 0.000000 0.000000 1.000000
0.999999 -0.000583 0.001589 -0.000000 0.000587 0.999996 -0.002850 0.252148 -0.001588 0.002851 0.999995 0.000171 0.000000 0.000000 0.000000 1.000000
0.999953 0.004220 0.008703 0.000000 -0.004185 0.999983 -0.004100 0.252148 -0.008720 0.004063 0.999954 0.000171 0.000000 0.000000 0.000000 1.000000</float_array>
        <technique_common>
          <accessor source="#mixamorig_Spine-Matrix-animation-output-transform-array" count="32" stride="16">
            <param type="float4x4"/>
          </accessor>
        </technique_common>
      </source>
      <source id="mixamorig_Spine-Interpolations">
        <Name_array id="mixamorig_Spine-Interpolations-array" count="32">
 LINEAR LINEAR LINEAR LINEAR LINEAR LINEAR LINEAR LINEAR LINEAR LINEAR LINEAR
LINEAR LINEAR LINEAR LINEAR LINEAR LINEAR LINEAR LINEAR LINEAR LINEAR LINEAR LINEAR
LINEAR LINEAR LINEAR LINEAR LINEAR LINEAR LINEAR LINEAR LINEAR</Name_array>
        <technique_common>
          <accessor source="#mixamorig_Spine-Interpolations-array" count="32">
            <param type="name"/>
          </accessor>
        </technique_common>
      </source>
      <sampler id="mixamorig_Spine-Matrix-animation-transform">
        <input semantic="INPUT" source="#mixamorig_Spine-Matrix-animation-input"/>
        <input semantic="OUTPUT" source="#mixamorig_Spine-Matrix-animation-output-transform"/>
        <input semantic="INTERPOLATION" source="#mixamorig_Spine-Interpolations"/>
      </sampler>
      <channel source="#mixamorig_Spine-Matrix-animation-transform" target="mixamorig_Spine/matrix"/>
    </animation>
    <animation id="mixamorig_Spine1-anim" name="mixamorig_Spine1">
      <source id="mixamorig_Spine1-Matrix-animation-input">
        <float_array id="mixamorig_Spine1-Matrix-animation-input-array" count="32">

