<?xml version="1.0" encoding="utf-8"?>
<COLLADA xmlns="http://www.collada.org/2005/11/COLLADASchema" version="1.4.1">
  <asset>
    <contributor>
      <author>Mixamo</author>
      <authoring_tool>COLLADA Mixamo exporter</authoring_tool>
      <comments/>
    </contributor>
    <created>2023-05-22T10:43:57Z</created>
    <modified>2023-05-22T10:43:57Z</modified>
    <revision/>
    <title/>
    <unit meter="0.010000"/>
    <up_axis>Y_UP</up_axis>
  </asset>
  <library_images>
    <image id="lv1.vox-image" name="lv1.vox">
      <init_from>textures/lv1.vox.png</init_from>
    </image>
  </library_images>
  <library_materials>
    <material id="palettemat" name="palettemat">
      <instance_effect url="#palettemat-fx"/>
    </material>
  </library_materials>
  <library_effects>
    <effect id="palettemat-fx" name="palettemat">
      <profile_COMMON>
        <newparam sid="lv1.vox-surface">
          <surface type="2D">
            <init_from>lv1.vox-image</init_from>
          </surface>
        </newparam>
        <newparam sid="lv1.vox-sampler">
          <sampler2D>
            <source>lv1.vox-surface</source>
            <minfilter>LINEAR</minfilter>
            <magfilter>LINEAR</magfilter>
          </sampler2D>
        </newparam>
        <technique sid="standard">
          <phong>
            <emission>
              <color sid="emission">0.000000  0.000000 0.000000 1.000000</color>
            </emission>
            <ambient>
              <color sid="ambient">0.000000  0.000000 0.000000 1.000000</color>
            </ambient>
            <diffuse>
              <texture texture="lv1.vox-sampler" texcoord="CHANNEL0">
                <extra>
                  <technique profile="MAYA">
                    <wrapU sid="wrapU0">TRUE</wrapU>
                    <wrapV sid="wrapV0">TRUE</wrapV>
                    <blend_mode>ADD</blend_mode>
                  </technique>
                </extra>
                <extra type="texture_offset">
                  <technique profile="ADOBE">
                    <offsets>
                      <offsetu>0.000000</offsetu>
                      <offsetu>0.000000</offsetu>
                      <offsetv>0.000000</offsetv>
                      <scaleu>1.000000</scaleu>
                      <scalev>1.000000</scalev>
                      <angle>0.000000</angle>
                    </offsets>
                  </technique>
                </extra>
              </texture>
            </diffuse>
            <specular>
              <color sid="specular">0.000000  0.000000 0.000000 1.000000</color>
            </specular>
            <shininess>
              <float sid="shininess">20.000000</float>
            </shininess>
            <reflective>
              <color sid="reflective">0.000000  0.000000 0.000000 1.000000</color>
            </reflective>
            <reflectivity>
              <float sid="reflectivity">1.000000</float>
            </reflectivity>
            <transparent opaque="RGB_ZERO">
              <color>0.000000 0.000000 0.000000 1.0</color>
            </transparent>
            <transparency>
              <float sid="transparency">0.000000</float>
            </transparency>
          </phong>
        </technique>
      </profile_COMMON>
    </effect>
  </library_effects>
  <library_geometries>
    <geometry id="unamed-lib" name="unamedMesh">
      <mesh>
        <source id="unamed-lib-Position" name="position">
          <float_array id="unamed-lib-Position-array" count="504"> -2.000000 2.500000 0.300000 -2.000000 2.500000 -0.100000 -2.000000 2.800000 0.300000 -2.000000 2.800000 -0.100000 -0.800000 0.000000 0.300000 -0.800000 0.000000 -0.100000 -0.800000 1.200000 0.600000 -0.800000 1.200000 0.300000 -0.800000 1.200000 -0.100000 -0.800000 1.200000 -0.400000 -0.800000 2.500000 0.300000 -0.800000 2.500000 -0.100000 -0.800000 2.800000 0.600000 -0.800000 2.800000 0.300000 -0.800000 2.800000 -0.100000 -0.800000 2.800000 -0.400000 -0.700000 3.300000 0.600000 -0.700000 3.300000 -0.300000 -0.700000 4.500000 0.600000 -0.700000 4.500000 -0.300000 -0.100000 2.800000 0.300000 -0.100000 2.800000 -0.000000 -0.100000 3.300000 0.300000 -0.100000 3.300000 -0.000000 0.600000 0.000000 0.300000 0.600000 0.000000 -0.100000 0.600000 1.200000 0.300000 0.600000 1.200000 -0.100000 -0.500000 0.000000 0.300000 -0.500000 0.000000 -0.100000 -0.500000 1.200000 0.300000 -0.500000 1.200000 -0.100000 0.200000 2.800000 0.300000 0.200000 2.800000 -0.000000 0.200000 3.300000 0.300000 0.200000 3.300000 -0.000000 0.800000 3.300000 0.600000 0.800000 3.300000 -0.300000 0.800000 4.500000 0.600000 0.800000 4.500000 -0.300000 0.900000 0.000000 0.300000 0.900000 0.000000 -0.100000 0.900000 1.200000 0.600000 0.900000 1.200000 0.300000 0.900000 1.200000 -0.100000 0.900000 1.200000 -0.400000 0.900000 2.500000 0.300000 0.900000 2.500000 -0.100000 0.900000 2.800000 0.600000 0.900000 2.800000 0.300000 0.900000 2.800000 -0.100000 0.900000 2.800000 -0.400000 2.000000 2.500000 0.300000 2.000000 2.500000 -0.100000 2.000000 2.800000 0.300000 2.000000 2.800000 -0.100000 -0.800000 1.200000 0.600000 -0.800000 2.800000 0.600000 -0.700000 3.300000 0.600000 -0.700000 4.500000 0.600000 0.800000 3.300000 0.600000 0.800000 4.500000 0.600000 0.900000 1.200000 0.600000 0.900000 2.800000 0.600000 -2.000000 2.500000 0.300000 -2.000000 2.800000 0.300000 -0.800000 0.000000 0.300000 -0.800000 1.200000 0.300000 -0.800000 2.500000 0.300000 -0.800000 2.800000 0.300000 -0.500000 0.000000 0.300000 -0.500000 1.200000 0.300000 -0.100000 2.800000 0.300000 -0.100000 3.300000 0.300000 0.200000 2.800000 0.300000 0.200000 3.300000 0.300000 0.600000 0.000000 0.300000 0.600000 1.200000 0.300000 0.900000 0.000000 0.300000 0.900000 1.200000 0.300000 0.900000 2.500000 0.300000 0.900000 2.800000 0.300000 2.000000 2.500000 0.300000 2.000000 2.800000 0.300000 -0.100000 2.800000 -0.000000 -0.100000 3.300000 -0.000000 0.200000 2.800000 -0.000000 0.200000 3.300000 -0.000000 -2.000000 2.500000 -0.100000 -2.000000 2.800000 -0.100000 -0.800000 0.000000 -0.100000 -0.800000 1.200000 -0.100000 -0.800000 2.500000 -0.100000 -0.800000 2.800000 -0.100000 -0.500000 0.000000 -0.100000 -0.500000 1.200000 -0.100000 0.600000 0.000000 -0.100000 0.600000 1.200000 -0.100000 0.900000 0.000000 -0.100000 0.900000 1.200000 -0.100000 0.900000 2.500000 -0.100000 0.900000 2.800000 -0.100000 2.000000 2.500000 -0.100000 2.000000 2.800000 -0.100000 -0.700000 3.300000 -0.300000 -0.700000 4.500000 -0.300000 0.800000 3.300000 -0.300000 0.800000 4.500000 -0.300000 -0.800000 1.200000 -0.400000 -0.800000 2.800000 -0.400000 0.900000 1.200000 -0.400000 0.900000 2.800000 -0.400000 -0.800000 0.000000 0.300000 -0.500000 0.000000 0.300000 0.600000 0.000000 0.300000 0.900000 0.000000 0.300000 -0.800000 0.000000 -0.100000 -0.500000 0.000000 -0.100000 0.600000 0.000000 -0.100000 0.900000 0.000000 -0.100000 -0.800000 1.200000 0.600000 0.900000 1.200000 0.600000 -0.800000 1.200000 0.300000 -0.500000 1.200000 0.300000 0.600000 1.200000 0.300000 0.900000 1.200000 0.300000 -0.800000 1.200000 -0.100000 -0.500000 1.200000 -0.100000 0.600000 1.200000 -0.100000 0.900000 1.200000 -0.100000 -0.800000 1.200000 -0.400000 0.900000 1.200000 -0.400000 -2.000000 2.500000 0.300000 -0.800000 2.500000 0.300000 0.900000 2.500000 0.300000 2.000000 2.500000 0.300000 -2.000000 2.500000 -0.100000 -0.800000 2.500000 -0.100000 0.900000 2.500000 -0.100000 2.000000 2.500000 -0.100000 -0.700000 3.300000 0.600000 0.800000 3.300000 0.600000 -0.100000 3.300000 0.300000 0.200000 3.300000 0.300000 -0.100000 3.300000 -0.000000 0.200000 3.300000 -0.000000 -0.700000 3.300000 -0.300000 0.800000 3.300000 -0.300000 -0.800000 2.800000 0.600000 0.900000 2.800000 0.600000 -2.000000 2.800000 0.300000 -0.800000 2.800000 0.300000 -0.100000 2.800000 0.300000 0.200000 2.800000 0.300000 0.900000 2.800000 0.300000 2.000000 2.800000 0.300000 -0.100000 2.800000 -0.000000 0.200000 2.800000 -0.000000 -2.000000 2.800000 -0.100000 -0.800000 2.800000 -0.100000 0.900000 2.800000 -0.100000 2.000000 2.800000 -0.100000 -0.800000 2.800000 -0.400000 0.900000 2.800000 -0.400000 -0.700000 4.500000 0.600000 0.800000 4.500000 0.600000 -0.700000 4.500000 -0.300000 0.800000 4.500000 -0.300000</float_array>
          <technique_common>
            <accessor count="168" source="#unamed-lib-Position-array" stride="3">
              <param name="X" type="float"/>
              <param name="Y" type="float"/>
              <param name="Z" type="float"/>
            </accessor>
          </technique_common>
        </source>
        <source id="unamed-lib-Normal0" name="normal">
          <float_array id="unamed-lib-Normal0-array" count="18"> -1.000000 0.000000 0.000000 1.000000 0.000000 0.000000 0.000000 0.000000 1.000000 0.000000 0.000000 -1.000000 0.000000 -1.000000 0.000000 0.000000 1.000000 0.000000</float_array>
          <technique_common>
            <accessor count="6" source="#unamed-lib-Normal0-array" stride="3">
              <param name="X" type="float"/>
              <param name="Y" type="float"/>
              <param name="Z" type="float"/>
            </accessor>
          </technique_common>
        </source>
        <source id="unamed-lib-UV0" name="map1">
          <float_array id="unamed-lib-UV0-array" count="2"> 0.033203 0.500000</float_array>
          <technique_common>
            <accessor count="1" source="#unamed-lib-UV0-array" stride="2">
              <param name="S" type="float"/>
              <param name="T" type="float"/>
            </accessor>
          </technique_common>
        </source>
        <vertices id="unamed-lib-Vertex">
          <input semantic="POSITION" source="#unamed-lib-Position"/>
        </vertices>
        <polylist material="palettematSG" count="108">
          <input semantic="VERTEX" offset="0" source="#unamed-lib-Vertex"/>
          <input semantic="NORMAL" offset="1" source="#unamed-lib-Normal0"/>
          <input semantic="TEXCOORD" offset="2" set="0" source="#unamed-lib-UV0"/>
          <vcount> 3 3 3 3 3 3 3 3 3 3 3 3 3 3 3 3 3 3 3 3 3 3 3 3 3 3 3 3 3 3 3 3 3 3 3 3 3 3 3 3 3 3 3 3 3 3 3 3 3 3 3 3 3 3 3 3 3 3 3 3 3 3 3 3 3 3 3 3 3 3 3 3 3 3 3 3 3 3 3 3 3 3 3 3 3 3 3 3 3 3 3 3 3 3 3 3 3 3 3 3 3 3 3 3 3 3 3 3</vcount>
          <p> 2 0 0 1 0 0 0 0 0 3 0 0 1 0 0 2 0 0 7 0 0 5 0 0 4 0 0 8 0 0 5 0 0 7 0 0 10 0 0 7 0 0 6 0 0 10 0 0 9 0 0 8 0 0 10 0 0 8 0 0 7 0 0 11 0 0 9 0 0 10 0 0 12 0 0 10 0 0 6 0 0 13 0 0 10 0 0 12 0 0 14 0 0 9 0 0 11 0 0 15 0 0 9 0 0 14 0 0 18 0 0 17 0 0 16 0 0 19 0 0 17 0 0 18 0 0 22 0 0 21 0 0 20 0 0 23 0 0 21 0 0 22 0 0 26 0 0 25 0 0 24 0 0 27 0 0 25 0 0 26 0 0 28 1 0 29 1 0 30 1 0 30 1 0 29 1 0 31 1 0 32 1 0 33 1 0 34 1 0 34 1 0 33 1 0 35 1 0 36 1 0 37 1 0 38 1 0 38 1 0 37 1 0 39 1 0 40 1 0 41 1 0 43 1 0 43 1 0 41 1 0 44 1 0 42 1 0 43 1 0 46 1 0 44 1 0 45 1 0 46 1 0 43 1 0 44 1 0 46 1 0 46 1 0 45 1 0 47 1 0 42 1 0 46 1 0 48 1 0 48 1 0 46 1 0 49 1 0 47 1 0 45 1 0 50 1 0 50 1 0 45 1 0 51 1 0 52 1 0 53 1 0 54 1 0 54 1 0 53 1 0 55 1 0 60 2 0 59 2 0 58 2 0 61 2 0 59 2 0 60 2 0 62 2 0 57 2 0 56 2 0 63 2 0 57 2 0 62 2 0 68 2 0 65 2 0 64 2 0 69 2 0 65 2 0 68 2 0 70 2 0 67 2 0 66 2 0 71 2 0 67 2 0 70 2 0 74 2 0 73 2 0 72 2 0 75 2 0 73 2 0 74 2 0 78 2 0 77 2 0 76 2 0 79 2 0 77 2 0 78 2 0 82 2 0 81 2 0 80 2 0 83 2 0 81 2 0 82 2 0 84 3 0 85 3 0 86 3 0 86 3 0 85 3 0 87 3 0 88 3 0 89 3 0 92 3 0 92 3 0 89 3 0 93 3 0 90 3 0 91 3 0 94 3 0 94 3 0 91 3 0 95 3 0 96 3 0 97 3 0 98 3 0 98 3 0 97 3 0 99 3 0 100 3 0 101 3 0 102 3 0 102 3 0 101 3 0 103 3 0 104 3 0 105 3 0 106 3 0 106 3 0 105 3 0 107 3 0 108 3 0 109 3 0 110 3 0 110 3 0 109 3 0 111 3 0 116 4 0 113 4 0 112 4 0 117 4 0 113 4 0 116 4 0 118 4 0 115 4 0 114 4 0 119 4 0 115 4 0 118 4 0 122 4 0 121 4 0 120 4 0 123 4 0 121 4 0 122 4 0 124 4 0 121 4 0 123 4 0 125 4 0 121 4 0 124 4 0 127 4 0 124 4 0 123 4 0 128 4 0 124 4 0 127 4 0 130 4 0 127 4 0 126 4 0 130 4 0 129 4 0 128 4 0 130 4 0 128 4 0 127 4 0 131 4 0 129 4 0 130 4 0 136 4 0 133 4 0 132 4 0 137 4 0 133 4 0 136 4 0 138 4 0 135 4 0 134 4 0 139 4 0 135 4 0 138 4 0 142 4 0 141 4 0 140 4 0 143 4 0 141 4 0 142 4 0 144 4 0 142 4 0 140 4 0 145 4 0 141 4 0 143 4 0 146 4 0 144 4 0 140 4 0 146 4 0 145 4 0 144 4 0 147 4 0 141 4 0 145 4 0 147 4 0 145 4 0 146 4 0 148 5 0 149 5 0 151 5 0 151 5 0 149 5 0 152 5 0 152 5 0 149 5 0 153 5 0 153 5 0 149 5 0 154 5 0 150 5 0 151 5 0 156 5 0 151 5 0 152 5 0 156 5 0 154 5 0 155 5 0 157 5 0 153 5 0 154 5 0 157 5 0 150 5 0 156 5 0 158 5 0 156 5 0 157 5 0 158 5 0 158 5 0 157 5 0 159 5 0 157 5 0 155 5 0 160 5 0 159 5 0 157 5 0 160 5 0 160 5 0 155 5 0 161 5 0 159 5 0 160 5 0 162 5 0 162 5 0 160 5 0 163 5 0 164 5 0 165 5 0 166 5 0 166 5 0 165 5 0 167 5 0</p>
        </polylist>
      </mesh>
    </geometry>
  </library_geometries>
  <library_controllers>
    <controller id="unamedController">
      <skin source="#unamed-lib">
        <bind_shape_matrix>1.000000 -0.000000 0.000000 0.000000 0.000000 1.000000 0.000000 -0.000000 -0.000000 0.000000 1.000000 0.000000 0.000000 0.000000 0.000000 1.000000
</bind_shape_matrix>
        <source id="unamedController-Joints">
          <Name_array id="unamedController-Joints-array" count="26">
 mixamorig_RightForeArm mixamorig_RightHand mixamorig_RightHandIndex1
mixamorig_RightHandIndex2 mixamorig_RightHandIndex3 mixamorig_RightFoot mixamorig_RightToeBase
mixamorig_RightLeg mixamorig_Hips mixamorig_RightUpLeg mixamorig_RightShoulder
mixamorig_RightArm mixamorig_Spine2 mixamorig_Neck mixamorig_Head mixamorig_LeftLeg
mixamorig_LeftFoot mixamorig_LeftToeBase mixamorig_LeftUpLeg mixamorig_LeftShoulder
mixamorig_LeftArm mixamorig_LeftForeArm mixamorig_LeftHand mixamorig_LeftHandIndex1
mixamorig_LeftHandIndex3 mixamorig_LeftHandIndex2</Name_array>
          <technique_common>
            <accessor source="#unamedController-Joints-array" count="26">
              <param type="name"/>
            </accessor>
          </technique_common>
        </source>
        <source id="unamedController-Matrices">
          <float_array id="unamedController-Matrices-array" count="416">

-0.004391 -0.000138 0.999990 -0.109104 -0.999941 0.009967 -0.004389 -1.344400 -0.009967 -0.999950 -0.000181 2.631356 0.000000 0.000000 0.000000 1.000000
-0.048094 0.000298 0.998843 -0.193595 -0.995181 -0.085568 -0.047892 -1.668681 0.085455 -0.996332 0.004412 2.803512 0.000000 0.000000 0.000000 1.000000
0.097147 -0.926796 -0.362784 2.678650 0.055672 0.368997 -0.927762 -0.774793 0.993712 0.069932 0.087443 1.777206 0.000000 0.000000 0.000000 1.000000
0.097147 -0.926796 -0.362784 2.678650 0.055672 0.368997 -0.927762 -0.802156 0.993712 0.069932 0.087443 1.777206 0.000000 0.000000 0.000000 1.000000
0.097147 -0.926796 -0.362784 2.672728 0.055672 0.368997 -0.927762 -0.783913 0.993712 0.069932 0.087443 1.796443 0.000000 0.000000 0.000000 1.000000
-0.822504 0.014950 -0.568563 -0.518920 -0.568466 0.010514 0.822639 -0.336173 0.018277 0.999833 -0.000149 0.008996 0.000000 0.000000 0.000000 1.000000
-0.809631 0.014712 -0.586755 -0.505382 -0.586746 0.005355 0.809753 -0.613166 0.015055 0.999877 0.004297 0.005630 0.000000 0.000000 0.000000 1.000000
-0.991797 -0.127824 0.000190 -0.612714 0.125033 -0.970447 -0.206394 0.710119 0.026567 -0.204678 0.978469 0.034981 0.000000 0.000000 0.000000 1.000000
1.000000 0.000000 0.000000 -0.000000 -0.000000 1.000000 0.000000 -1.570954 0.000000 -0.000000 1.000000 -0.099675 0.000000 0.000000 0.000000 1.000000
-0.998961 0.045581 -0.000068 -0.724840 -0.045581 -0.998960 0.001487 1.399359 0.000000 0.001489 0.999999 -0.113374 0.000000 0.000000 0.000000 1.000000
-0.000041 -0.000683 1.000000 -0.098599 -0.982230 -0.187681 -0.000169 0.243614 0.187681 -0.982230 -0.000663 2.783446 0.000000 0.000000 0.000000 1.000000
0.006545 0.000575 0.999978 -0.096568 -0.997860 -0.065051 0.006568 -0.644279 0.065053 -0.997882 0.000148 2.724771 0.000000 0.000000 0.000000 1.000000
1.000000 0.000000 0.000000 -0.000000 -0.000000 1.000000 0.000680 -2.453541 0.000000 -0.000680 1.000000 -0.098607 0.000000 0.000000 0.000000 1.000000
1.000000 0.000000 0.000000 -0.000000 -0.000000 1.000000 0.000000 -2.831696 0.000000 -0.000000 1.000000 -0.100532 0.000000 0.000000 0.000000 1.000000
1.000000 0.000000 0.000000 -0.000000 -0.000000 1.000000 0.000000 -3.458475 0.000000 -0.000000 1.000000 -0.067424 0.000000 0.000000 0.000000 1.000000
-0.991840 0.127481 0.001483 0.612787 -0.125160 -0.971432 -0.201629 0.707636 -0.024263 -0.200170 0.979461 0.043325 0.000000 0.000000 0.000000 1.000000
-0.835162 -0.006548 0.549966 0.531861 0.549893 0.010173 0.835173 -0.316138 -0.011064 0.999927 -0.004896 0.004403 0.000000 0.000000 0.000000 1.000000
-0.807201 -0.006041 0.590246 0.502267 0.590222 0.005397 0.807223 -0.616021 -0.008062 0.999967 -0.000791 0.001271 0.000000 0.000000 0.000000 1.000000
-0.998961 -0.045575 -0.000530 0.724897 0.045578 -0.998893 -0.011624 1.400697 -0.000000 -0.011636 0.999932 -0.092138 0.000000 0.000000 0.000000 1.000000
0.096275 -0.003127 -0.995350 0.107481 0.977773 -0.186829 0.095162 0.230440 -0.186258 -0.982387 -0.014929 2.785306 0.000000 0.000000 0.000000 1.000000
-0.160990 0.045506 -0.985906 0.186429 0.984419 -0.064174 -0.163709 -0.605674 -0.070719 -0.996901 -0.034466 2.732967 0.000000 0.000000 0.000000 1.000000
0.003073 0.034334 -0.999406 0.000939 0.999944 0.009968 0.003417 -1.345189 0.010079 -0.999361 -0.034302 2.632918 0.000000 0.000000 0.000000 1.000000
-0.009801 0.998907 -0.045694 -2.624418 0.783574 -0.020716 -0.620954 -1.380573 -0.621222 -0.041891 -0.782514 1.373851 0.000000 0.000000 0.000000 1.000000
-0.081009 0.996653 0.010957 -2.481600 0.955758 0.080795 -0.282842 -2.076615 -0.282780 -0.012440 -0.959104 0.640411 0.000000 0.000000 0.000000 1.000000
-0.081009 0.996653 0.010957 -2.488932 0.955758 0.080795 -0.282842 -2.117268 -0.282780 -0.012440 -0.959104 0.631807 0.000000 0.000000 0.000000 1.000000
-0.081009 0.996653 0.010957 -2.481600 0.955758 0.080795 -0.282842 -2.100751 -0.282780 -0.012440 -0.959104 0.640411 0.000000 0.000000 0.000000 1.000000</float_array>
          <technique_common>
            <accessor source="#unamedController-Matrices-array" count="26" stride="16">
              <param type="float4x4"/>
            </accessor>
          </technique_common>
        </source>
        <source id="unamedController-Weights">
          <float_array id="unamedController-Weights-array" count="424">

1.000000 0.030721 0.394668 0.509140 0.065471 0.461754 0.465103 0.073143 0.085148 0.629553 0.285299 1.000000 0.079520 0.920480 0.360827 0.296754
0.342420 0.245390 0.754610 0.163727 0.836273 0.206979 0.793021 0.312537 0.687462 0.749194 0.226649 0.024157 0.000073 0.706195 0.277079 0.016652
0.708232 0.011328 0.280440 0.000085 0.681040 0.171062 0.147812 0.000019 0.654977 0.251887 0.093117 0.816033 0.047487 0.136480 0.134978 0.865022
0.156412 0.843588 1.000000 1.000000 0.974682 0.025318 0.732564 0.267436 0.834975 0.165025 0.915921 0.084079 0.009780 0.167265 0.822955 0.352006
0.335424 0.312570 0.191889 0.808111 0.203810 0.796189 0.336947 0.617835 0.045218 0.370464 0.318506 0.311031 0.338342 0.661658 0.371657 0.628343
1.000000 1.000000 0.017121 0.856879 0.126000 0.014652 0.928016 0.057332 0.237106 0.762894 0.390108 0.609892 1.000000 1.000000 0.027883 0.972117
0.263121 0.372100 0.364779 0.170147 0.829853 0.146447 0.853553 0.174953 0.825047 0.214665 0.785335 0.000267 0.421601 0.574273 0.003859 0.002969
0.522367 0.474298 0.000365 0.017638 0.764190 0.218172 0.007342 0.493294 0.497404 0.001960 0.022814 0.538648 0.438342 0.000195 0.052802 0.862288
0.084910 0.001971 0.962527 0.002429 0.033072 0.033080 0.000594 0.966326 0.002164 0.982498 0.005834 0.009503 0.997023 0.002977 0.245390 0.754610
0.708232 0.011328 0.280440 0.134978 0.865022 1.000000 0.237106 0.762894 1.000000 0.170147 0.829853 0.017638 0.764190 0.218172 0.030721 0.394668
0.509140 0.065471 0.085148 0.629553 0.285299 0.079520 0.920480 0.163727 0.836273 0.749194 0.226649 0.024157 0.000085 0.681040 0.171062 0.147812
0.336947 0.617835 0.045218 0.338342 0.661658 0.974682 0.025318 0.834975 0.165025 1.000000 0.017121 0.856879 0.126000 0.009780 0.167265 0.822955
0.191889 0.808111 0.027883 0.972117 0.146447 0.853553 0.000267 0.421601 0.574273 0.003859 0.007342 0.493294 0.497404 0.001960 0.001971 0.962527
0.002429 0.033072 0.002164 0.982498 0.005834 0.009503 0.732564 0.267436 0.915921 0.084079 1.000000 0.014652 0.928016 0.057332 0.461754 0.465103
0.073143 1.000000 0.360827 0.296754 0.342420 0.206979 0.793021 0.000073 0.706195 0.277079 0.016652 0.000019 0.654977 0.251887 0.093117 0.370464
0.318506 0.311031 0.371657 0.628343 0.352006 0.335424 0.312570 0.203810 0.796189 0.263121 0.372100 0.364779 0.174953 0.825047 0.002969 0.522367
0.474298 0.000365 0.022814 0.538648 0.438342 0.000195 0.033080 0.000594 0.966326 0.997023 0.002977 0.156412 0.843588 1.000000 0.390108 0.609892
1.000000 0.312537 0.687462 0.816033 0.047487 0.136480 0.214665 0.785335 0.052802 0.862288 0.084910 0.079520 0.920480 0.336947 0.617835 0.045218
0.009780 0.167265 0.822955 0.027883 0.972117 0.360827 0.296754 0.342420 0.370464 0.318506 0.311031 0.352006 0.335424 0.312570 0.263121 0.372100
0.364779 0.245390 0.754610 0.170147 0.829853 0.163727 0.836273 0.338342 0.661658 0.191889 0.808111 0.146447 0.853553 0.206979 0.793021 0.371657
0.628343 0.203810 0.796189 0.174953 0.825047 0.312537 0.687462 0.214665 0.785335 0.030721 0.394668 0.509140 0.065471 0.749194 0.226649 0.024157
0.000267 0.421601 0.574273 0.003859 0.001971 0.962527 0.002429 0.033072 0.461754 0.465103 0.073143 0.000073 0.706195 0.277079 0.016652 0.002969
0.522367 0.474298 0.000365 0.033080 0.000594 0.966326 0.134978 0.865022 0.237106 0.762894 0.834975 0.165025 0.017121 0.856879 0.126000 0.915921
0.084079 0.014652 0.928016 0.057332 0.156412 0.843588 0.390108 0.609892 0.708232 0.011328 0.280440 0.017638 0.764190 0.218172 0.085148 0.629553
0.285299 0.000085 0.681040 0.171062 0.147812 0.974682 0.025318 1.000000 0.007342 0.493294 0.497404 0.001960 0.002164 0.982498 0.005834 0.009503
0.732564 0.267436 1.000000 1.000000 0.000019 0.654977 0.251887 0.093117 0.022814 0.538648 0.438342 0.000195 0.997023 0.002977 0.816033 0.047487
0.136480 0.052802 0.862288 0.084910 1.000000 1.000000 1.000000 1.000000</float_array>
          <technique_common>
            <accessor source="#unamedController-Weights-array" count="424">
              <param type="float"/>
            </accessor>
          </technique_common>
        </source>
        <joints>
          <input semantic="JOINT" source="#unamedController-Joints"/>
          <input semantic="INV_BIND_MATRIX" source="#unamedController-Matrices"/>
        </joints>
        <vertex_weights count="168">
          <input semantic="JOINT" offset="0" source="#unamedController-Joints"/>
          <input semantic="WEIGHT" offset="1" source="#unamedController-Weights"/>
          <vcount>4 3 3 1 2 3 2 2 2 2 3 4 3 4 4 3 2 2 1 1 2 2 2 2 3 3 2 2 3 3 2 2 1 1 3 3 2 2 1 1 2 3 2 2 2 2 4 4 3 4 4 3 4 3 4 2 2 3 2 1 2 1 2 3 4 3 2 2 3 4 3 2 2 2 1 3 3 2 2 2 4 4 4 4 2 2 1 3 3 1 3 2 4 4 3 2 3 2 3 2 4 4 3 2 2 1 2 1 2 3 2 3 2 3 3 2 3 3 3 3 2 2 2 2 2 2 2 2 2 2 2 2 4 3 4 4 3 4 4 3 2 2 2 3 2 3 2 2 3 3 3 4 2 1 4 4 2 1 1 4 4 2 3 3 1 1 1 1</vcount>
          <v>0 1 1 2 2 3 3 4 2 5 3 6 4 7 0 8 1 9 2 10 2 11 5 12 6 13 5 14 6 15 7 16 8 17 9 18 8 19 9 20 8 21 9 22 8 23 9 24 10 25 11 26 12 27 0 28 10 29 11 30 12 31 10 32 11 33 12 34 0 35 10 36 11 37 12 38 0 39 10 40 11 41 12 42 10 43 11 44 12 45 13 46 14 47 13 48 14 49 14 50 14 51 12 52 13 53 12 54 13 55 13 56 14 57 13 58 14 59 15 60 16 61 17 62 15 63 16 64 17 65 8 66 18 67 8 68 18 69 5 70 6 71 7 72 5 73 6 74 7 75 8 76 9 77 8 78 9 79 12 80 12 81 12 82 13 83 14 84 12 85 13 86 14 87 13 88 14 89 13 90 14 91 14 92 14 93 16 94 17 95 15 96 16 97 17 98 8 99 18 100 8 101 18 102 8 103 18 104 8 105 18 106 12 107 19 108 20 109 21 110 12 111 19 112 20 113 21 114 12 115 19 116 20 117 12 118 19 119 20 120 21 121 12 122 19 123 20 124 21 125 12 126 19 127 20 128 20 129 21 130 22 131 23 132 23 133 24 134 25 135 20 136 21 137 22 138 23 139 24 140 25 141 8 142 9 143 10 144 11 145 12 146 13 147 14 148 14 149 13 150 14 151 14 152 8 153 18 154 12 155 19 156 20 157 0 158 1 159 2 160 3 161 0 162 1 163 2 164 5 165 6 166 8 167 9 168 10 169 11 170 12 171 0 172 10 173 11 174 12 175 5 176 6 177 7 178 8 179 9 180 12 181 13 182 13 183 14 184 12 185 12 186 13 187 14 188 15 189 16 190 17 191 8 192 18 193 16 194 17 195 8 196 18 197 12 198 19 199 20 200 21 201 12 202 19 203 20 204 21 205 20 206 21 207 22 208 23 209 20 210 21 211 22 212 23 213 12 214 13 215 13 216 14 217 12 218 12 219 13 220 14 221 2 222 3 223 4 224 2 225 5 226 6 227 7 228 8 229 9 230 0 231 10 232 11 233 12 234 0 235 10 236 11 237 12 238 5 239 6 240 7 241 8 242 9 243 15 244 16 245 17 246 8 247 18 248 15 249 16 250 17 251 8 252 18 253 12 254 19 255 20 256 21 257 12 258 19 259 20 260 21 261 23 262 24 263 25 264 24 265 25 266 13 267 14 268 14 269 13 270 14 271 14 272 8 273 9 274 10 275 11 276 12 277 8 278 18 279 12 280 19 281 20 282 5 283 6 284 5 285 6 286 7 287 15 288 16 289 17 290 16 291 17 292 5 293 6 294 7 295 5 296 6 297 7 298 15 299 16 300 17 301 15 302 16 303 17 304 8 305 9 306 8 307 18 308 8 309 9 310 8 311 9 312 8 313 18 314 8 315 18 316 8 317 9 318 8 319 9 320 8 321 18 322 8 323 18 324 8 325 9 326 8 327 18 328 0 329 1 330 2 331 3 332 10 333 11 334 12 335 12 336 19 337 20 338 21 339 20 340 21 341 22 342 23 343 2 344 3 345 4 346 0 347 10 348 11 349 12 350 12 351 19 352 20 353 21 354 23 355 24 356 25 357 13 358 14 359 13 360 14 361 13 362 14 363 12 364 13 365 14 366 13 367 14 368 12 369 13 370 14 371 13 372 14 373 13 374 14 375 10 376 11 377 12 378 12 379 19 380 20 381 0 382 1 383 2 384 0 385 10 386 11 387 12 388 12 389 13 390 12 391 12 392 19 393 20 394 21 395 20 396 21 397 22 398 23 399 12 400 13 401 12 402 2 403 0 404 10 405 11 406 12 407 12 408 19 409 20 410 21 411 24 412 25 413 10 414 11 415 12 416 12 417 19 418 20 419 14 420 14 421 14 422 14 423</v>
        </vertex_weights>
      </skin>
    </controller>
  </library_controllers>
  <library_animations>
    <animation id="mixamorig_Hips-anim" name="mixamorig_Hips">
      <source id="mixamorig_Hips-Matrix-animation-input">
        <float_array id="mixamorig_Hips-Matrix-animation-input-array" count="251">

0.000000 0.033333 0.066667 0.100000 0.133333 0.166667 0.200000 0.233333 0.266667 0.300000 0.333333 0.366667 0.400000 0.433333 0.466667 0.500000
0.533333 0.566667 0.600000 0.633333 0.666667 0.700000 0.733333 0.766667 0.800000 0.833333 0.866667 0.900000 0.933333 0.966667 1.000000 1.033333
1.066667 1.100000 1.133333 1.166667 1.200000 1.233333 1.266667 1.300000 1.333333 1.366667 1.400000 1.433333 1.466667 1.500000 1.533333 1.566667
1.600000 1.633333 1.666667 1.700000 1.733333 1.766667 1.800000 1.833333 1.866667 1.900000 1.933333 1.966667 2.000000 2.033333 2.066667 2.100000
2.133333 2.166667 2.200000 2.233333 2.266667 2.300000 2.333333 2.366667 2.400000 2.433333 2.466667 2.500000 2.533333 2.566667 2.600000 2.633333
2.666667 2.700000 2.733333 2.766667 2.800000 2.833333 2.866667 2.900000 2.933333 2.966667 3.000000 3.033333 3.066667 3.100000 3.133333 3.166667
3.200000 3.233333 3.266667 3.300000 3.333333 3.366667 3.400000 3.433333 3.466667 3.500000 3.533333 3.566667 3.600000 3.633333 3.666667 3.700000
3.733333 3.766667 3.800000 3.833333 3.866667 3.900000 3.933333 3.966667 4.000000 4.033333 4.066667 4.100000 4.133333 4.166667 4.200000 4.233333
4.266667 4.300000 4.333333 4.366667 4.400000 4.433333 4.466667 4.500000 4.533333 4.566667 4.600000 4.633333 4.666667 4.700000 4.733333 4.766667
4.800000 4.833333 4.866667 4.900000 4.933333 4.966667 5.000000 5.033333 5.066667 5.100000 5.133333 5.166667 5.200000 5.233333 5.266667 5.300000
5.333333 5.366667 5.400000 5.433333 5.466667 5.500000 5.533333 5.566667 5.600000 5.633333 5.666667 5.700000 5.733333 5.766667 5.800000 5.833333
5.866667 5.900000 5.933333 5.966667 6.000000 6.033333 6.066667 6.100000 6.133333 6.166667 6.200000 6.233333 6.266667 6.300000 6.333333 6.366667
6.400000 6.433333 6.466667 6.500000 6.533333 6.566667 6.600000 6.633333 6.666667 6.700000 6.733333 6.766667 6.800000 6.833333 6.866667 6.900000
6.933333 6.966667 7.000000 7.033333 7.066667 7.100000 7.133333 7.166667 7.200000 7.233333 7.266667 7.300000 7.333333 7.366667 7.400000 7.433333
7.466667 7.500000 7.533333 7.566667 7.600000 7.633333 7.666667 7.700000 7.733333 7.766667 7.800000 7.833333 7.866667 7.900000 7.933333 7.966667
8.000000 8.033333 8.066667 8.100000 8.133333 8.166667 8.200000 8.233333 8.266667 8.300000 8.333333</float_array>
        <technique_common>
          <accessor source="#mixamorig_Hips-Matrix-animation-input-array" count="251">
            <param name="TIME" type="float"/>
          </accessor>
        </technique_common>
      </source>
      <source id="mixamorig_Hips-Matrix-animation-output-transform">
        <float_array id="mixamorig_Hips-Matrix-animation-output-transform-array" count="4016">

0.994449 0.052184 -0.091364 0.068902 -0.046317 0.996797 0.065195 1.514635 0.094474 -0.060601 0.993681 -0.006056 0.000000 0.000000 0.000000 1.000000
0.994452 0.052180 -0.091341 0.068916 -0.046345 0.996816 0.064886 1.514665 0.094436 -0.060293 0.993704 -0.006004 0.000000 0.000000 0.000000 1.000000
0.994438 0.052174 -0.091492 0.068949 -0.046351 0.996830 0.064658 1.514731 0.094576 -0.060058 0.993704 -0.005905 0.000000 0.000000 0.000000 1.000000
0.994419 0.052152 -0.091711 0.068986 -0.046332 0.996843 0.064485 1.514796 0.094784 -0.059876 0.993695 -0.005774 0.000000 0.000000 0.000000 1.000000
0.994386 0.052162 -0.092062 0.069025 -0.046329 0.996848 0.064395 1.514875 0.095131 -0.059768 0.993669 -0.005630 0.000000 0.000000 0.000000 1.000000
0.994330 0.052205 -0.092639 0.069070 -0.046342 0.996851 0.064354 1.514991 0.095707 -0.059696 0.993618 -0.005484 0.000000 0.000000 0.000000 1.000000
0.994258 0.052251 -0.093384 0.069116 -0.046350 0.996855 0.064274 1.515117 0.096449 -0.059577 0.993553 -0.005343 0.000000 0.000000 0.000000 1.000000
0.994184 0.052296 -0.094144 0.069145 -0.046361 0.996862 0.064159 1.515181 0.097204 -0.059421 0.993489 -0.005212 0.000000 0.000000 0.000000 1.000000
0.994111 0.052365 -0.094871 0.069156 -0.046393 0.996864 0.064103 1.515185 0.097930 -0.059324 0.993424 -0.005081 0.000000 0.000000 0.000000 1.000000
0.994036 0.052466 -0.095604 0.069187 -0.046450 0.996862 0.064103 1.515233 0.098667 -0.059280 0.993353 -0.004937 0.000000 0.000000 0.000000 1.000000
0.993959 0.052585 -0.096334 0.069279 -0.046534 0.996863 0.064022 1.515393 0.099398 -0.059153 0.993288 -0.004775 0.000000 0.000000 0.000000 1.000000
0.993885 0.052687 -0.097039 0.069404 -0.046618 0.996874 0.063783 1.515582 0.100096 -0.058870 0.993235 -0.004608 0.000000 0.000000 0.000000 1.000000
0.993816 0.052751 -0.097714 0.069495 -0.046674 0.996892 0.063470 1.515654 0.100758 -0.058517 0.993189 -0.004452 0.000000 0.000000 0.000000 1.000000
0.993753 0.052813 -0.098315 0.069538 -0.046728 0.996907 0.063197 1.515641 0.101348 -0.058208 0.993147 -0.004319 0.000000 0.000000 0.000000 1.000000
0.993697 0.052917 -0.098828 0.069552 -0.046822 0.996914 0.063006 1.515619 0.101857 -0.057981 0.993108 -0.004197 0.000000 0.000000 0.000000 1.000000
0.993640 0.053079 -0.099305 0.069548 -0.046971 0.996916 0.062867 1.515634 0.102336 -0.057802 0.993069 -0.004080 0.000000 0.000000 0.000000 1.000000
0.993589 0.053266 -0.099714 0.069503 -0.047155 0.996919 0.062680 1.515643 0.102746 -0.057577 0.993040 -0.003974 0.000000 0.000000 0.000000 1.000000
0.993558 0.053416 -0.099949 0.069419 -0.047324 0.996931 0.062357 1.515614 0.102973 -0.057225 0.993037 -0.003872 0.000000 0.000000 0.000000 1.000000
0.993544 0.053510 -0.100034 0.069326 -0.047457 0.996951 0.061940 1.515574 0.103043 -0.056793 0.993054 -0.003754 0.000000 0.000000 0.000000 1.000000
0.993532 0.053596 -0.100108 0.069242 -0.047578 0.996969 0.061563 1.515579 0.103104 -0.056402 0.993070 -0.003617 0.000000 0.000000 0.000000 1.000000
0.993517 0.053702 -0.100204 0.069141 -0.047708 0.996979 0.061286 1.515633 0.103192 -0.056108 0.993078 -0.003477 0.000000 0.000000 0.000000 1.000000
0.993512 0.053784 -0.100206 0.069019 -0.047820 0.996992 0.061001 1.515694 0.103186 -0.055813 0.993095 -0.003331 0.000000 0.000000 0.000000 1.000000
0.993523 0.053795 -0.100087 0.068878 -0.047883 0.997015 0.060561 1.515711 0.103046 -0.055376 0.993134 -0.003157 0.000000 0.000000 0.000000 1.000000
0.993531 0.053764 -0.100024 0.068734 -0.047913 0.997048 0.060005 1.515706 0.102954 -0.054824 0.993174 -0.002941 0.000000 0.000000 0.000000 1.000000
0.993520 0.053747 -0.100148 0.068615 -0.047939 0.997075 0.059525 1.515778 0.103055 -0.054338 0.993190 -0.002674 0.000000 0.000000 0.000000 1.000000
0.993502 0.053698 -0.100350 0.068501 -0.047912 0.997095 0.059213 1.515900 0.103238 -0.054020 0.993189 -0.002367 0.000000 0.000000 0.000000 1.000000
0.993498 0.053559 -0.100463 0.068392 -0.047785 0.997112 0.059026 1.516010 0.103334 -0.053842 0.993188 -0.002050 0.000000 0.000000 0.000000 1.000000
0.993511 0.053337 -0.100453 0.068255 -0.047570 0.997127 0.058949 1.515963 0.103308 -0.053787 0.993194 -0.001767 0.000000 0.000000 0.000000 1.000000
0.993537 0.053093 -0.100328 0.068101 -0.047326 0.997135 0.059016 1.515807 0.103174 -0.053887 0.993203 -0.001524 0.000000 0.000000 0.000000 1.000000
0.993572 0.052863 -0.100105 0.067944 -0.047087 0.997134 0.059213 1.515684 0.102948 -0.054119 0.993213 -0.001279 0.000000 0.000000 0.000000 1.000000
0.993603 0.052659 -0.099900 0.067774 -0.046863 0.997127 0.059508 1.515651 0.102746 -0.054446 0.993216 -0.000988 0.000000 0.000000 0.000000 1.000000
0.993616 0.052497 -0.099853 0.067581 -0.046660 0.997112 0.059915 1.515655 0.102710 -0.054873 0.993197 -0.000653 0.000000 0.000000 0.000000 1.000000
0.993618 0.052372 -0.099900 0.067373 -0.046481 0.997091 0.060407 1.515635 0.102773 -0.055378 0.993162 -0.000316 0.000000 0.000000 0.000000 1.000000
0.993628 0.052255 -0.099859 0.067171 -0.046316 0.997069 0.060901 1.515577 0.102749 -0.055888 0.993136 -0.000014 0.000000 0.000000 0.000000 1.000000
0.993651 0.052132 -0.099699 0.066992 -0.046152 0.997047 0.061373 1.515509 0.102604 -0.056382 0.993123 0.000242 0.000000 0.000000 0.000000 1.000000
0.993685 0.051978 -0.099437 0.066810 -0.045961 0.997026 0.061868 1.515420 0.102357 -0.056907 0.993119 0.000438 0.000000 0.000000 0.000000 1.000000
0.993739 0.051776 -0.099006 0.066607 -0.045727 0.997002 0.062419 1.515319 0.101940 -0.057501 0.993127 0.000576 0.000000 0.000000 0.000000 1.000000
0.993819 0.051506 -0.098336 0.066403 -0.045438 0.996980 0.062979 1.515217 0.101283 -0.058121 0.993158 0.000670 0.000000 0.000000 0.000000 1.000000
0.993924 0.051149 -0.097464 0.066210 -0.045081 0.996965 0.063477 1.515135 0.100415 -0.058697 0.993213 0.000737 0.000000 0.000000 0.000000 1.000000
0.994043 0.050715 -0.096466 0.066036 -0.044663 0.996957 0.063890 1.515065 0.099412 -0.059201 0.993284 0.000761 0.000000 0.000000 0.000000 1.000000
0.994175 0.050267 -0.095342 0.065865 -0.044248 0.996954 0.064223 1.514963 0.098280 -0.059630 0.993371 0.000724 0.000000 0.000000 0.000000 1.000000
0.994318 0.049871 -0.094044 0.065669 -0.043905 0.996953 0.064481 1.514789 0.096973 -0.059986 0.993478 0.000641 0.000000 0.000000 0.000000 1.000000
0.994469 0.049523 -0.092624 0.065452 -0.043621 0.996951 0.064700 1.514561 0.095545 -0.060302 0.993597 0.000539 0.000000 0.000000 0.000000 1.000000
0.994615 0.049181 -0.091222 0.065235 -0.043340 0.996947 0.064945 1.514341 0.094138 -0.060642 0.993711 0.000423 0.000000 0.000000 0.000000 1.000000
0.994747 0.048843 -0.089954 0.065011 -0.043052 0.996941 0.065230 1.514164 0.092865 -0.061015 0.993807 0.000293 0.000000 0.000000 0.000000 1.000000
0.994861 0.048536 -0.088856 0.064770 -0.042788 0.996936 0.065486 1.514022 0.091762 -0.061347 0.993889 0.000167 0.000000 0.000000 0.000000 1.000000
0.994958 0.048259 -0.087924 0.064511 -0.042551 0.996933 0.065678 1.513889 0.090824 -0.061606 0.993960 0.000066 0.000000 0.000000 0.000000 1.000000
0.995036 0.048004 -0.087168 0.064242 -0.042326 0.996931 0.065860 1.513782 0.090062 -0.061844 0.994014 0.000011 0.000000 0.000000 0.000000 1.000000
0.995097 0.047782 -0.086601 0.063948 -0.042121 0.996926 0.066061 1.513722 0.089491 -0.062089 0.994050 -0.000013 0.000000 0.000000 0.000000 1.000000
0.995142 0.047604 -0.086179 0.063623 -0.041953 0.996922 0.066230 1.513676 0.089067 -0.062293 0.994076 -0.000025 0.000000 0.000000 0.000000 1.000000
0.995178 0.047455 -0.085841 0.063319 -0.041820 0.996924 0.066289 1.513633 0.088723 -0.062379 0.994101 -0.000031 0.000000 0.000000 0.000000 1.000000
0.995205 0.047308 -0.085613 0.063089 -0.041693 0.996933 0.066230 1.513610 0.088484 -0.062343 0.994125 -0.000012 0.000000 0.000000 0.000000 1.000000
0.995213 0.047154 -0.085603 0.062909 -0.041546 0.996944 0.066152 1.513605 0.088461 -0.062279 0.994131 0.000047 0.000000 0.000000 0.000000 1.000000
0.995198 0.047015 -0.085852 0.062725 -0.041392 0.996952 0.066138 1.513618 0.088700 -0.062267 0.994110 0.000150 0.000000 0.000000 0.000000 1.000000
0.995169 0.046890 -0.086257 0.062536 -0.041237 0.996954 0.066195 1.513645 0.089098 -0.062318 0.994071 0.000285 0.000000 0.000000 0.000000 1.000000
0.995139 0.046760 -0.086667 0.062373 -0.041072 0.996954 0.066294 1.513677 0.089503 -0.062413 0.994029 0.000433 0.000000 0.000000 0.000000 1.000000
0.995114 0.046619 -0.087028 0.062245 -0.040896 0.996954 0.066416 1.513704 0.089859 -0.062532 0.993989 0.000578 0.000000 0.000000 0.000000 1.000000
0.995089 0.046484 -0.087385 0.062145 -0.040725 0.996950 0.066573 1.513718 0.090213 -0.062687 0.993948 0.000717 0.000000 0.000000 0.000000 1.000000
0.995060 0.046376 -0.087781 0.062069 -0.040573 0.996942 0.066780 1.513713 0.090609 -0.062888 0.993899 0.000855 0.000000 0.000000 0.000000 1.000000
0.995023 0.046305 -0.088238 0.062008 -0.040451 0.996931 0.067019 1.513697 0.091071 -0.063116 0.993842 0.000991 0.000000 0.000000 0.000000 1.000000
0.994978 0.046263 -0.088762 0.061965 -0.040352 0.996918 0.067274 1.513681 0.091600 -0.063354 0.993778 0.001118 0.000000 0.000000 0.000000 1.000000
0.994933 0.046239 -0.089277 0.061937 -0.040270 0.996903 0.067543 1.513654 0.092123 -0.063605 0.993714 0.001228 0.000000 0.000000 0.000000 1.000000
0.994896 0.046249 -0.089681 0.061912 -0.040229 0.996886 0.067819 1.513617 0.092538 -0.063866 0.993659 0.001328 0.000000 0.000000 0.000000 1.000000
0.994865 0.046305 -0.090001 0.061891 -0.040237 0.996866 0.068112 1.513583 0.092873 -0.064141 0.993610 0.001432 0.000000 0.000000 0.000000 1.000000
0.994829 0.046387 -0.090354 0.061893 -0.040265 0.996843 0.068437 1.513560 0.093243 -0.064445 0.993555 0.001523 0.000000 0.000000 0.000000 1.000000
0.994794 0.046482 -0.090691 0.061915 -0.040302 0.996815 0.068815 1.513555 0.093601 -0.064801 0.993499 0.001587 0.000000 0.000000 0.000000 1.000000
0.994775 0.046603 -0.090829 0.061941 -0.040374 0.996782 0.069254 1.513561 0.093764 -0.065225 0.993456 0.001636 0.000000 0.000000 0.000000 1.000000
0.994778 0.046749 -0.090726 0.061967 -0.040481 0.996744 0.069737 1.513546 0.093690 -0.065700 0.993431 0.001684 0.000000 0.000000 0.000000 1.000000
0.994791 0.046894 -0.090513 0.062006 -0.040594 0.996705 0.070224 1.513491 0.093507 -0.066184 0.993416 0.001722 0.000000 0.000000 0.000000 1.000000
0.994805 0.047021 -0.090287 0.062046 -0.040693 0.996668 0.070690 1.513415 0.093310 -0.066649 0.993404 0.001742 0.000000 0.000000 0.000000 1.000000
0.994828 0.047131 -0.089979 0.062068 -0.040781 0.996631 0.071152 1.513333 0.093029 -0.067114 0.993399 0.001749 0.000000 0.000000 0.000000 1.000000
0.994870 0.047229 -0.089455 0.062061 -0.040869 0.996592 0.071648 1.513231 0.092535 -0.067625 0.993410 0.001755 0.000000 0.000000 0.000000 1.000000
0.994933 0.047306 -0.088714 0.062032 -0.040944 0.996548 0.072214 1.513082 0.091824 -0.068216 0.993436 0.001755 0.000000 0.000000 0.000000 1.000000
0.995005 0.047343 -0.087885 0.061999 -0.040980 0.996500 0.072855 1.512894 0.091026 -0.068889 0.993463 0.001736 0.000000 0.000000 0.000000 1.000000
0.995079 0.047346 -0.087038 0.061959 -0.040980 0.996451 0.073526 1.512690 0.090210 -0.069597 0.993488 0.001692 0.000000 0.000000 0.000000 1.000000
